150
1 7
1 15
1 26
1 28
1 29
1 30
1 52
1 66
1 99
1 106
1 109
1 110
1 122
1 125
2 16
2 17
2 27
2 33
2 36
2 52
2 55
2 60
2 103
2 110
2 113
2 123
2 129
2 135
2 136
2 143
3 74
3 83
3 105
3 117
3 132
3 142
4 9
4 37
4 52
4 87
4 94
4 98
4 120
4 122
5 7
5 8
5 11
5 26
5 27
5 33
5 35
5 53
5 60
5 69
5 93
5 94
5 125
5 142
6 8
6 9
6 10
6 22
6 32
6 39
6 56
6 67
6 72
6 76
6 82
6 99
6 114
6 115
6 136
7 9
7 12
7 17
7 33
7 49
7 72
7 88
7 95
7 115
7 120
7 122
7 132
7 138
7 141
7 149
7 150
8 10
8 22
8 24
8 28
8 32
8 45
8 51
8 52
8 58
8 74
8 81
8 85
8 97
8 110
8 120
8 124
8 128
8 145
9 14
9 31
9 54
9 81
9 91
9 96
9 104
9 106
9 136
9 145
10 14
10 42
10 46
10 62
10 64
10 68
10 69
10 81
10 83
10 116
10 134
10 142
11 12
11 22
11 69
11 94
11 95
11 97
11 107
11 108
11 116
11 124
11 130
11 136
11 138
11 141
11 146
12 20
12 33
12 59
12 80
12 94
12 96
12 97
12 99
12 111
12 117
12 119
12 134
12 139
13 23
13 35
13 46
13 50
13 69
13 73
13 75
13 87
13 91
13 94
13 98
13 116
13 119
13 139
14 32
14 45
14 50
14 78
14 81
14 100
14 114
14 117
14 118
14 122
14 139
14 142
14 144
15 26
15 28
15 30
15 34
15 48
15 53
15 62
15 63
15 91
15 109
15 111
15 114
15 126
15 129
15 136
16 26
16 28
16 34
16 51
16 55
16 58
16 77
16 83
16 93
16 95
16 106
16 107
16 108
16 138
16 140
16 144
16 148
17 58
17 61
17 67
17 83
17 89
17 98
17 121
17 131
17 143
18 20
18 27
18 31
18 61
18 87
18 143
19 24
19 44
19 48
19 60
19 63
19 73
19 77
19 78
19 87
19 97
19 119
19 143
20 24
20 38
20 50
20 54
20 69
20 97
20 106
20 109
20 114
20 116
20 118
20 121
20 123
20 126
20 128
20 145
21 45
21 55
21 60
21 62
21 66
21 70
21 74
21 81
21 90
21 135
21 142
22 29
22 47
22 51
22 56
22 59
22 61
22 63
22 66
22 80
22 101
22 112
22 113
22 114
22 124
22 128
22 134
22 137
22 143
23 27
23 41
23 46
23 52
23 62
23 95
23 101
23 112
23 120
23 122
23 127
23 146
24 35
24 37
24 41
24 75
24 105
24 112
24 114
24 119
24 132
24 149
25 27
25 31
25 34
25 52
25 58
25 86
25 94
25 107
25 120
25 125
25 132
25 142
25 149
26 44
26 49
26 53
26 57
26 62
26 74
26 95
26 97
26 106
26 117
26 140
26 141
27 28
27 42
27 43
27 49
27 61
27 83
27 94
27 97
27 125
27 127
27 136
27 142
28 47
28 68
28 92
28 97
28 105
28 110
28 114
28 126
28 127
28 133
28 144
29 107
29 119
29 121
29 122
29 129
29 132
29 140
29 141
30 32
30 39
30 54
30 60
30 62
30 64
30 86
30 91
30 92
30 105
30 112
30 121
30 137
30 142
30 147
31 57
31 59
31 73
31 75
31 84
31 90
31 99
31 113
31 114
31 123
31 128
31 130
31 139
32 43
32 47
32 70
32 80
32 85
32 91
32 102
32 106
32 109
32 112
32 120
32 125
32 142
32 145
33 40
33 42
33 46
33 49
33 79
33 90
33 92
33 93
33 106
33 107
33 109
33 114
33 115
33 123
33 127
33 143
33 148
33 150
34 38
34 47
34 51
34 67
34 68
34 74
34 79
34 93
34 105
34 116
34 118
34 146
34 150
35 51
35 63
35 70
35 71
35 83
35 95
35 129
35 131
35 145
35 149
36 41
36 44
36 51
36 65
36 66
36 69
36 70
36 83
36 86
36 91
36 96
36 97
36 100
36 108
36 109
36 136
36 143
36 149
37 42
37 63
37 69
37 76
37 90
37 107
37 110
37 131
37 143
38 67
38 69
38 74
38 88
38 89
38 103
38 124
38 125
39 51
39 70
39 104
39 106
39 109
39 129
39 143
40 44
40 58
40 85
40 118
40 132
40 137
40 138
41 53
41 55
41 56
41 62
41 73
41 85
41 95
41 99
41 103
41 104
41 127
41 137
41 138
41 143
42 64
42 71
42 87
42 127
42 135
42 138
42 146
43 50
43 57
43 58
43 65
43 76
43 83
43 93
43 110
44 48
44 80
44 85
44 89
44 93
44 99
44 101
44 114
44 117
44 143
45 65
45 79
45 80
45 81
45 84
45 88
45 89
45 93
45 100
45 101
45 124
45 130
45 142
45 150
46 82
46 84
46 100
46 102
46 105
46 132
47 71
47 73
47 87
47 93
47 100
47 103
47 128
47 131
47 140
47 148
48 52
48 54
48 59
48 62
48 85
48 88
48 92
48 103
48 108
48 134
49 54
49 63
49 64
49 71
49 82
49 101
49 106
49 123
49 129
49 149
50 70
50 85
50 93
50 101
51 52
51 80
51 86
51 94
51 95
51 102
51 122
51 135
51 138
51 145
52 57
52 67
52 68
52 118
52 123
52 124
52 126
52 130
52 142
52 147
53 54
53 77
53 79
53 88
53 94
53 115
53 120
53 122
53 129
53 132
54 61
54 62
54 69
54 79
54 103
54 105
54 108
54 148
54 150
55 57
55 73
55 90
55 94
55 118
55 133
56 58
56 59
56 60
56 76
56 83
56 92
56 119
56 132
56 140
56 142
57 59
57 60
57 68
57 74
57 80
57 81
57 82
57 88
57 90
57 91
57 94
57 100
57 105
57 107
57 112
57 131
57 134
57 138
57 144
58 74
58 88
58 91
58 105
58 106
58 130
58 132
58 146
58 147
58 148
59 90
59 98
59 105
59 109
59 119
59 131
59 146
59 148
60 70
60 88
60 101
60 120
60 125
60 126
60 133
60 137
61 68
61 74
61 75
61 90
61 92
61 95
61 106
61 112
61 115
61 116
61 133
61 140
61 144
61 148
62 69
62 72
62 102
62 121
62 132
62 139
62 149
63 72
63 79
63 83
63 89
63 117
63 118
63 131
63 135
63 137
63 146
64 66
64 81
64 106
65 75
65 85
65 87
65 88
65 95
65 101
65 126
66 73
66 76
66 83
66 99
66 102
66 104
66 109
66 130
66 141
66 146
66 147
67 84
67 100
67 118
67 129
67 146
68 72
68 79
68 94
68 104
68 108
68 112
68 126
68 127
68 147
69 75
69 90
69 91
69 122
69 126
69 130
69 136
69 142
70 76
70 83
70 89
70 101
70 109
70 119
70 122
70 141
70 146
70 149
71 76
71 78
71 79
71 92
71 104
71 110
71 117
71 122
72 82
72 84
72 92
72 109
72 140
72 148
73 78
73 82
73 89
73 91
73 100
73 108
73 117
73 119
73 123
73 126
73 128
73 135
73 142
73 150
74 79
74 92
74 114
74 132
74 133
74 148
75 79
75 84
75 128
75 136
75 138
75 139
75 144
75 145
76 100
76 102
76 107
76 110
76 111
76 117
76 122
76 134
76 136
77 87
77 105
77 109
77 115
77 121
77 136
77 137
78 79
78 94
78 96
78 99
78 102
78 104
78 118
78 120
78 130
78 142
78 148
79 107
79 111
79 122
79 127
79 137
79 143
79 144
79 147
80 90
80 96
80 99
80 112
80 118
80 120
80 121
80 124
80 127
80 132
80 143
81 84
81 91
81 107
81 114
82 100
82 102
82 107
82 117
82 128
82 129
82 147
82 149
83 84
83 87
83 102
83 104
83 106
83 142
84 102
84 131
84 133
85 94
85 102
85 103
85 125
85 127
85 146
86 103
86 108
86 112
86 147
87 89
87 98
87 104
87 113
87 134
88 102
88 106
88 117
88 128
88 131
88 135
88 143
88 144
89 133
90 94
90 102
90 128
90 145
90 149
91 107
91 113
91 120
91 123
91 133
91 138
91 142
91 143
92 96
92 118
92 132
92 142
92 146
92 147
92 148
93 118
93 121
93 145
93 148
94 99
94 101
94 104
94 106
94 120
94 124
94 129
94 144
94 150
95 134
95 139
96 104
96 125
96 138
96 147
96 149
97 116
97 124
97 139
97 144
98 99
98 118
98 124
98 130
98 134
98 146
99 100
99 105
99 124
99 126
99 140
99 146
100 113
100 136
100 144
101 106
101 127
101 135
102 119
102 120
102 126
102 148
103 122
103 135
103 141
103 146
104 105
104 124
104 127
104 138
104 141
104 143
105 117
105 120
105 129
105 139
106 145
108 123
108 146
109 114
109 128
109 143
110 124
110 132
110 137
110 138
110 149
111 123
111 126
111 129
111 130
111 132
111 149
112 127
112 135
112 138
113 114
113 133
113 134
113 138
113 141
113 145
114 134
114 143
115 127
115 140
116 119
116 121
116 125
117 129
117 137
117 148
117 149
118 129
118 138
118 141
119 137
119 148
119 150
120 123
120 130
121 124
121 129
121 139
122 126
122 141
122 147
122 148
122 149
123 135
123 138
123 142
124 128
124 136
125 134
125 136
125 150
126 140
126 144
126 145
127 130
127 148
127 150
128 134
128 143
130 143
130 146
131 146
132 140
133 134
134 137
134 138
134 145
136 146
138 146
139 147
141 147
142 144
142 147
143 150
144 145
146 148
147 149
147 150
