1000
1 2
1 3
1 4
1 5
1 6
1 7
1 8
1 9
1 10
1 11
1 12
1 13
1 14
1 15
1 16
1 17
1 18
1 19
1 22
1 25
1 26
1 27
1 28
1 29
1 30
1 33
1 35
1 40
1 41
1 44
1 46
1 50
1 51
1 53
1 55
1 57
1 61
1 62
1 75
1 78
1 81
1 90
1 92
1 106
1 119
1 128
1 130
1 139
1 150
1 153
1 154
1 161
1 170
1 174
1 175
1 176
1 179
1 185
1 186
1 190
1 191
1 192
1 198
1 201
1 204
1 208
1 212
1 221
1 226
1 233
1 258
1 272
1 285
1 286
1 287
1 296
1 303
1 318
1 339
1 342
1 344
1 346
1 353
1 354
1 358
1 370
1 371
1 384
1 385
1 390
1 407
1 411
1 417
1 421
1 433
1 434
1 446
1 448
1 450
1 465
1 476
1 505
1 512
1 532
1 555
1 556
1 572
1 578
1 586
1 602
1 603
1 611
1 631
1 642
1 643
1 695
1 696
1 718
1 726
1 735
1 747
1 758
1 768
1 773
1 780
1 791
1 800
1 813
1 820
1 825
1 836
1 837
1 848
1 868
1 875
1 885
1 889
1 904
1 913
1 925
1 946
1 981
1 983
1 996
2 12
2 13
2 14
2 15
2 17
2 18
2 21
2 23
2 26
2 27
2 33
2 35
2 36
2 38
2 41
2 49
2 54
2 58
2 82
2 92
2 95
2 96
2 101
2 119
2 121
2 122
2 124
2 130
2 136
2 139
2 144
2 151
2 156
2 174
2 190
2 209
2 220
2 224
2 247
2 255
2 280
2 281
2 285
2 286
2 288
2 304
2 319
2 334
2 348
2 361
2 362
2 383
2 414
2 454
2 455
2 456
2 469
2 474
2 486
2 521
2 528
2 537
2 539
2 547
2 557
2 563
2 564
2 585
2 594
2 609
2 622
2 638
2 640
2 643
2 692
2 697
2 705
2 710
2 711
2 749
2 804
2 839
2 852
2 901
2 908
2 916
2 932
2 935
2 947
2 949
2 958
3 13
3 17
3 26
3 28
3 56
3 100
3 108
3 130
3 135
3 183
3 185
3 210
3 309
3 381
3 655
3 689
3 741
3 789
4 12
4 13
4 14
4 15
4 16
4 17
4 18
4 19
4 21
4 22
4 23
4 28
4 29
4 30
4 32
4 35
4 37
4 39
4 40
4 42
4 43
4 44
4 46
4 48
4 53
4 57
4 59
4 60
4 64
4 71
4 75
4 79
4 81
4 88
4 91
4 93
4 94
4 97
4 102
4 104
4 110
4 114
4 125
4 129
4 130
4 138
4 142
4 164
4 169
4 170
4 176
4 180
4 187
4 189
4 205
4 248
4 263
4 265
4 269
4 275
4 281
4 287
4 289
4 293
4 311
4 336
4 346
4 374
4 383
4 405
4 422
4 452
4 491
4 494
4 500
4 565
4 569
4 582
4 587
4 592
4 614
4 624
4 635
4 640
4 652
4 655
4 669
4 706
4 723
4 749
4 757
4 767
4 769
4 778
4 780
4 804
4 808
4 813
4 831
4 835
4 846
4 849
4 869
4 870
4 876
4 896
4 970
4 1000
5 12
5 13
5 15
5 16
5 20
5 22
5 24
5 27
5 34
5 40
5 41
5 43
5 44
5 45
5 47
5 49
5 51
5 52
5 59
5 73
5 89
5 90
5 97
5 138
5 142
5 145
5 160
5 170
5 182
5 183
5 187
5 202
5 210
5 222
5 233
5 235
5 242
5 245
5 253
5 256
5 257
5 261
5 305
5 308
5 317
5 347
5 390
5 391
5 405
5 444
5 473
5 484
5 519
5 529
5 540
5 578
5 597
5 603
5 628
5 642
5 648
5 662
5 711
5 730
5 735
5 745
5 775
5 809
5 823
5 875
5 881
5 895
5 924
5 925
5 926
5 962
5 990
6 12
6 14
6 18
6 19
6 20
6 23
6 26
6 34
6 38
6 39
6 41
6 51
6 53
6 59
6 60
6 64
6 65
6 67
6 96
6 100
6 119
6 135
6 141
6 165
6 166
6 178
6 187
6 191
6 251
6 256
6 258
6 261
6 306
6 313
6 346
6 356
6 392
6 417
6 437
6 448
6 484
6 494
6 519
6 527
6 540
6 567
6 578
6 588
6 597
6 601
6 605
6 620
6 621
6 669
6 676
6 680
6 692
6 696
6 712
6 721
6 733
6 735
6 788
6 796
6 814
6 815
6 830
6 848
6 857
6 858
6 876
6 932
6 946
7 12
7 15
7 17
7 18
7 19
7 24
7 28
7 30
7 32
7 34
7 37
7 38
7 39
7 41
7 46
7 52
7 54
7 59
7 71
7 77
7 89
7 93
7 98
7 108
7 133
7 162
7 165
7 171
7 174
7 189
7 198
7 200
7 214
7 234
7 242
7 243
7 249
7 281
7 298
7 312
7 321
7 327
7 335
7 339
7 354
7 362
7 386
7 411
7 413
7 441
7 466
7 486
7 493
7 505
7 512
7 531
7 549
7 584
7 616
7 624
7 666
7 698
7 728
7 756
7 758
7 847
7 861
7 906
7 965
8 12
8 13
8 14
8 16
8 34
8 36
8 39
8 40
8 44
8 50
8 66
8 76
8 89
8 91
8 111
8 123
8 129
8 130
8 132
8 137
8 147
8 156
8 163
8 165
8 177
8 182
8 194
8 201
8 228
8 232
8 240
8 253
8 255
8 263
8 268
8 270
8 287
8 291
8 294
8 297
8 318
8 323
8 343
8 357
8 364
8 379
8 383
8 408
8 454
8 458
8 499
8 567
8 573
8 596
8 599
8 619
8 640
8 712
8 728
8 743
8 771
8 783
8 786
8 792
8 840
8 883
8 931
8 936
8 976
9 12
9 13
9 14
9 15
9 21
9 23
9 28
9 30
9 31
9 37
9 49
9 52
9 56
9 58
9 59
9 62
9 67
9 68
9 77
9 78
9 81
9 84
9 87
9 94
9 101
9 105
9 107
9 115
9 127
9 129
9 131
9 135
9 146
9 153
9 159
9 175
9 181
9 185
9 200
9 211
9 214
9 221
9 232
9 236
9 238
9 239
9 241
9 246
9 251
9 297
9 324
9 330
9 333
9 345
9 361
9 371
9 381
9 395
9 411
9 456
9 475
9 482
9 500
9 501
9 518
9 533
9 537
9 571
9 575
9 577
9 588
9 596
9 621
9 634
9 646
9 685
9 687
9 690
9 704
9 706
9 720
9 727
9 745
9 750
9 761
9 804
9 814
9 842
9 860
9 863
9 865
9 868
9 880
9 912
9 945
9 948
9 954
9 958
10 12
10 13
10 14
10 15
10 16
10 17
10 18
10 19
10 21
10 23
10 25
10 26
10 27
10 29
10 32
10 33
10 37
10 40
10 41
10 44
10 47
10 52
10 55
10 57
10 65
10 70
10 74
10 76
10 78
10 83
10 85
10 86
10 88
10 89
10 99
10 100
10 103
10 109
10 114
10 117
10 122
10 131
10 133
10 137
10 143
10 146
10 156
10 157
10 164
10 170
10 173
10 176
10 181
10 190
10 202
10 208
10 210
10 217
10 226
10 239
10 249
10 250
10 255
10 259
10 260
10 294
10 295
10 297
10 305
10 307
10 309
10 317
10 324
10 331
10 353
10 359
10 369
10 377
10 381
10 402
10 418
10 424
10 428
10 432
10 455
10 479
10 491
10 492
10 493
10 506
10 525
10 530
10 544
10 546
10 549
10 561
10 563
10 576
10 630
10 635
10 643
10 661
10 669
10 673
10 693
10 708
10 720
10 722
10 750
10 776
10 780
10 790
10 792
10 802
10 807
10 836
10 852
10 863
10 866
10 869
10 877
10 957
10 965
10 979
10 996
10 999
11 12
11 13
11 14
11 15
11 16
11 18
11 20
11 21
11 26
11 27
11 31
11 35
11 42
11 46
11 54
11 68
11 77
11 90
11 91
11 108
11 117
11 139
11 162
11 163
11 172
11 173
11 190
11 193
11 218
11 223
11 227
11 251
11 267
11 274
11 279
11 323
11 332
11 336
11 353
11 362
11 375
11 411
11 419
11 441
11 453
11 456
11 467
11 493
11 505
11 516
11 522
11 531
11 552
11 571
11 603
11 611
11 618
11 631
11 644
11 682
11 694
11 733
11 740
11 742
11 744
11 746
11 809
11 818
11 828
11 845
11 858
11 861
11 865
11 929
11 955
11 994
12 13
12 14
12 16
12 17
12 19
12 20
12 21
12 22
12 23
12 24
12 25
12 30
12 31
12 32
12 33
12 35
12 42
12 43
12 48
12 51
12 52
12 59
12 61
12 63
12 65
12 69
12 70
12 74
12 77
12 79
12 83
12 84
12 87
12 91
12 102
12 104
12 107
12 109
12 112
12 115
12 117
12 119
12 120
12 131
12 133
12 153
12 173
12 184
12 203
12 205
12 206
12 207
12 208
12 213
12 222
12 245
12 252
12 254
12 269
12 281
12 284
12 288
12 292
12 297
12 303
12 309
12 312
12 318
12 333
12 338
12 341
12 343
12 350
12 359
12 397
12 402
12 411
12 418
12 419
12 427
12 439
12 441
12 458
12 471
12 477
12 507
12 510
12 514
12 517
12 519
12 553
12 584
12 586
12 614
12 623
12 660
12 681
12 688
12 693
12 700
12 732
12 743
12 755
12 761
12 777
12 792
12 804
12 836
12 842
12 855
12 867
12 881
12 886
12 904
12 919
12 930
12 983
12 987
12 989
13 14
13 15
13 16
13 17
13 18
13 19
13 20
13 21
13 25
13 26
13 28
13 29
13 31
13 34
13 35
13 36
13 43
13 58
13 64
13 65
13 66
13 67
13 72
13 73
13 76
13 106
13 117
13 120
13 129
13 143
13 162
13 170
13 178
13 183
13 187
13 189
13 202
13 204
13 215
13 223
13 224
13 236
13 237
13 238
13 255
13 256
13 262
13 304
13 307
13 324
13 325
13 333
13 352
13 361
13 365
13 375
13 380
13 388
13 430
13 445
13 449
13 488
13 507
13 511
13 512
13 515
13 525
13 532
13 533
13 555
13 556
13 589
13 598
13 613
13 620
13 649
13 667
13 670
13 691
13 695
13 783
13 795
13 802
13 809
13 821
13 822
13 840
13 843
13 853
13 855
13 880
13 910
13 983
14 15
14 16
14 18
14 19
14 20
14 21
14 22
14 23
14 26
14 27
14 29
14 31
14 32
14 33
14 34
14 39
14 40
14 41
14 42
14 45
14 48
14 49
14 50
14 51
14 52
14 55
14 59
14 60
14 63
14 66
14 67
14 69
14 71
14 76
14 78
14 79
14 85
14 86
14 92
14 93
14 95
14 97
14 98
14 103
14 105
14 106
14 107
14 108
14 115
14 116
14 117
14 118
14 120
14 124
14 125
14 126
14 132
14 136
14 142
14 144
14 146
14 147
14 156
14 157
14 160
14 167
14 169
14 173
14 176
14 179
14 186
14 191
14 207
14 213
14 216
14 218
14 220
14 224
14 230
14 231
14 236
14 244
14 246
14 256
14 259
14 261
14 264
14 267
14 278
14 282
14 288
14 300
14 301
14 322
14 332
14 333
14 335
14 337
14 341
14 350
14 355
14 366
14 372
14 379
14 384
14 387
14 391
14 393
14 403
14 414
14 418
14 426
14 427
14 436
14 444
14 449
14 454
14 457
14 461
14 465
14 489
14 502
14 508
14 516
14 520
14 521
14 553
14 567
14 570
14 577
14 578
14 586
14 595
14 603
14 625
14 627
14 630
14 647
14 656
14 661
14 665
14 669
14 691
14 702
14 718
14 749
14 751
14 799
14 833
14 848
14 888
14 890
14 899
14 913
14 915
14 929
14 964
14 970
14 977
14 987
14 993
14 994
15 16
15 17
15 19
15 20
15 22
15 23
15 25
15 27
15 28
15 40
15 50
15 52
15 54
15 57
15 59
15 65
15 77
15 80
15 81
15 85
15 100
15 104
15 111
15 112
15 113
15 114
15 128
15 131
15 140
15 141
15 145
15 148
15 152
15 161
15 174
15 175
15 179
15 189
15 191
15 199
15 213
15 216
15 224
15 225
15 244
15 247
15 249
15 256
15 258
15 265
15 275
15 290
15 291
15 310
15 323
15 327
15 336
15 350
15 352
15 363
15 368
15 379
15 398
15 423
15 427
15 429
15 433
15 476
15 507
15 534
15 546
15 548
15 557
15 566
15 571
15 578
15 589
15 592
15 605
15 611
15 612
15 619
15 626
15 653
15 692
15 701
15 703
15 722
15 724
15 733
15 756
15 761
15 782
15 783
15 786
15 793
15 829
15 837
15 845
15 875
15 899
15 917
15 922
15 927
15 930
15 937
15 940
15 942
15 945
15 956
15 976
15 999
16 17
16 18
16 20
16 22
16 24
16 25
16 26
16 29
16 31
16 33
16 36
16 38
16 41
16 42
16 43
16 45
16 47
16 53
16 54
16 58
16 60
16 69
16 79
16 81
16 90
16 94
16 98
16 106
16 107
16 110
16 114
16 116
16 121
16 122
16 126
16 128
16 130
16 141
16 151
16 152
16 154
16 159
16 172
16 174
16 184
16 210
16 218
16 225
16 230
16 232
16 233
16 244
16 250
16 252
16 266
16 279
16 300
16 332
16 337
16 341
16 345
16 389
16 423
16 437
16 439
16 457
16 478
16 480
16 506
16 525
16 528
16 542
16 545
16 556
16 581
16 604
16 625
16 633
16 639
16 710
16 716
16 720
16 732
16 757
16 767
16 797
16 804
16 844
16 857
16 892
16 902
16 923
16 940
16 950
16 954
16 979
16 995
17 20
17 22
17 24
17 25
17 26
17 29
17 30
17 32
17 35
17 36
17 37
17 41
17 43
17 46
17 48
17 51
17 61
17 65
17 67
17 71
17 75
17 79
17 80
17 82
17 85
17 87
17 91
17 101
17 110
17 115
17 129
17 152
17 158
17 167
17 185
17 188
17 196
17 203
17 225
17 226
17 227
17 229
17 230
17 234
17 245
17 247
17 248
17 257
17 259
17 266
17 272
17 291
17 293
17 295
17 298
17 299
17 301
17 306
17 318
17 321
17 328
17 340
17 347
17 348
17 358
17 359
17 360
17 381
17 400
17 408
17 437
17 440
17 441
17 443
17 451
17 463
17 469
17 472
17 479
17 486
17 498
17 512
17 517
17 538
17 547
17 554
17 610
17 623
17 626
17 628
17 651
17 652
17 654
17 657
17 666
17 671
17 675
17 698
17 703
17 714
17 754
17 755
17 767
17 778
17 779
17 808
17 821
17 833
17 849
17 861
17 863
17 887
17 897
17 900
17 933
17 976
17 982
18 19
18 20
18 21
18 23
18 24
18 25
18 29
18 30
18 32
18 44
18 45
18 46
18 48
18 53
18 54
18 56
18 61
18 62
18 67
18 68
18 71
18 74
18 79
18 84
18 85
18 86
18 89
18 95
18 101
18 108
18 114
18 116
18 121
18 136
18 137
18 145
18 154
18 160
18 161
18 162
18 164
18 165
18 171
18 174
18 177
18 178
18 180
18 189
18 194
18 207
18 209
18 210
18 213
18 227
18 231
18 232
18 240
18 247
18 249
18 254
18 257
18 262
18 272
18 299
18 302
18 330
18 331
18 337
18 344
18 364
18 370
18 388
18 392
18 393
18 403
18 404
18 410
18 414
18 434
18 446
18 467
18 471
18 472
18 481
18 491
18 495
18 510
18 521
18 522
18 525
18 530
18 531
18 543
18 555
18 567
18 580
18 585
18 589
18 608
18 613
18 620
18 622
18 628
18 633
18 634
18 640
18 643
18 652
18 660
18 665
18 678
18 687
18 706
18 722
18 727
18 730
18 737
18 745
18 765
18 772
18 787
18 788
18 796
18 815
18 825
18 831
18 839
18 846
18 851
18 862
18 863
18 873
18 946
18 952
18 980
19 21
19 22
19 23
19 24
19 27
19 30
19 32
19 35
19 36
19 37
19 39
19 45
19 49
19 50
19 52
19 57
19 60
19 62
19 63
19 64
19 69
19 70
19 75
19 76
19 77
19 80
19 88
19 98
19 107
19 109
19 110
19 118
19 122
19 125
19 127
19 129
19 133
19 134
19 138
19 140
19 147
19 149
19 159
19 167
19 168
19 187
19 201
19 209
19 223
19 226
19 227
19 241
19 254
19 255
19 268
19 292
19 304
19 305
19 330
19 336
19 338
19 344
19 355
19 363
19 371
19 378
19 383
19 390
19 391
19 396
19 397
19 399
19 402
19 407
19 413
19 416
19 434
19 438
19 443
19 444
19 453
19 470
19 471
19 486
19 495
19 510
19 513
19 535
19 559
19 570
19 573
19 599
19 607
19 615
19 622
19 634
19 647
19 679
19 708
19 709
19 729
19 734
19 781
19 786
19 797
19 809
19 812
19 829
19 833
19 839
19 899
19 909
19 910
19 918
19 976
19 993
19 1000
20 22
20 24
20 25
20 31
20 34
20 39
20 53
20 62
20 70
20 72
20 78
20 82
20 87
20 88
20 92
20 97
20 113
20 136
20 150
20 164
20 184
20 201
20 207
20 208
20 213
20 217
20 225
20 265
20 288
20 292
20 318
20 325
20 332
20 342
20 345
20 353
20 373
20 380
20 389
20 409
20 412
20 427
20 462
20 473
20 475
20 485
20 504
20 518
20 521
20 522
20 531
20 534
20 550
20 596
20 597
20 614
20 637
20 645
20 647
20 656
20 675
20 711
20 739
20 766
20 830
20 853
20 866
20 921
20 931
20 948
20 981
21 24
21 27
21 28
21 30
21 32
21 33
21 38
21 39
21 45
21 46
21 47
21 51
21 52
21 54
21 56
21 65
21 66
21 68
21 71
21 73
21 75
21 87
21 94
21 107
21 119
21 122
21 130
21 132
21 134
21 140
21 144
21 146
21 158
21 180
21 183
21 185
21 186
21 194
21 199
21 213
21 215
21 219
21 230
21 234
21 254
21 255
21 269
21 277
21 278
21 285
21 294
21 295
21 316
21 347
21 358
21 390
21 399
21 403
21 418
21 445
21 450
21 456
21 463
21 465
21 482
21 492
21 500
21 514
21 526
21 574
21 581
21 594
21 630
21 631
21 634
21 728
21 731
21 745
21 775
21 783
21 812
21 819
21 827
21 832
21 834
21 864
21 865
21 890
21 900
21 950
21 969
21 991
21 993
22 28
22 33
22 48
22 50
22 69
22 70
22 80
22 82
22 99
22 118
22 138
22 149
22 164
22 188
22 232
22 299
22 303
22 326
22 352
22 366
22 367
22 385
22 466
22 471
22 582
22 646
22 664
22 724
22 760
22 795
22 815
22 944
22 981
23 24
23 27
23 31
23 32
23 38
23 42
23 44
23 45
23 46
23 49
23 50
23 56
23 58
23 64
23 66
23 69
23 72
23 73
23 81
23 83
23 86
23 89
23 93
23 102
23 105
23 108
23 109
23 110
23 128
23 135
23 150
23 166
23 169
23 170
23 180
23 182
23 183
23 195
23 204
23 205
23 218
23 221
23 246
23 249
23 259
23 262
23 264
23 268
23 273
23 295
23 301
23 305
23 321
23 325
23 331
23 335
23 346
23 347
23 362
23 375
23 379
23 397
23 458
23 466
23 484
23 492
23 554
23 564
23 570
23 599
23 609
23 644
23 653
23 660
23 694
23 710
23 729
23 739
23 741
23 748
23 768
23 787
23 796
23 818
23 857
23 872
23 916
23 923
23 939
23 940
23 959
24 25
24 44
24 51
24 54
24 55
24 58
24 63
24 82
24 85
24 90
24 113
24 127
24 136
24 158
24 177
24 193
24 217
24 236
24 237
24 240
24 264
24 279
24 287
24 302
24 312
24 333
24 339
24 340
24 347
24 348
24 349
24 382
24 386
24 397
24 399
24 403
24 412
24 416
24 458
24 460
24 476
24 482
24 487
24 507
24 511
24 529
24 568
24 580
24 602
24 631
24 654
24 692
24 700
24 707
24 735
24 760
24 772
24 790
24 799
24 871
24 882
24 885
24 898
24 919
24 953
25 38
25 49
25 61
25 65
25 90
25 101
25 102
25 115
25 120
25 144
25 145
25 151
25 152
25 154
25 181
25 186
25 187
25 193
25 202
25 208
25 216
25 219
25 225
25 231
25 237
25 246
25 247
25 249
25 255
25 261
25 267
25 283
25 308
25 318
25 325
25 374
25 375
25 381
25 386
25 400
25 420
25 459
25 461
25 464
25 513
25 522
25 527
25 562
25 598
25 599
25 654
25 668
25 707
25 847
25 897
25 899
25 902
25 935
25 957
25 971
25 994
25 999
26 29
26 31
26 34
26 38
26 41
26 43
26 44
26 68
26 75
26 76
26 86
26 95
26 98
26 128
26 132
26 138
26 155
26 181
26 206
26 210
26 234
26 246
26 251
26 254
26 263
26 279
26 312
26 332
26 356
26 370
26 402
26 421
26 434
26 442
26 455
26 465
26 520
26 542
26 559
26 562
26 593
26 602
26 612
26 651
26 658
26 661
26 670
26 672
26 678
26 686
26 751
26 787
26 816
26 835
26 842
26 872
26 884
26 888
26 898
26 909
26 917
26 936
26 977
26 983
27 28
27 29
27 33
27 37
27 38
27 55
27 62
27 71
27 72
27 73
27 80
27 82
27 91
27 92
27 100
27 103
27 124
27 127
27 132
27 147
27 148
27 150
27 157
27 175
27 182
27 204
27 237
27 238
27 247
27 257
27 267
27 278
27 307
27 322
27 328
27 353
27 355
27 357
27 364
27 377
27 387
27 391
27 396
27 404
27 406
27 423
27 430
27 432
27 454
27 465
27 493
27 515
27 518
27 526
27 532
27 587
27 632
27 652
27 673
27 732
27 734
27 747
27 749
27 753
27 765
27 769
27 813
27 832
27 875
27 886
27 903
27 929
27 947
27 978
27 985
28 30
28 31
28 34
28 35
28 36
28 37
28 42
28 45
28 53
28 55
28 70
28 78
28 79
28 80
28 84
28 89
28 93
28 94
28 106
28 113
28 139
28 179
28 182
28 208
28 210
28 219
28 229
28 241
28 261
28 280
28 283
28 296
28 310
28 313
28 316
28 334
28 336
28 354
28 367
28 370
28 376
28 377
28 378
28 385
28 402
28 413
28 429
28 432
28 452
28 473
28 478
28 549
28 565
28 574
28 584
28 585
28 593
28 604
28 616
28 624
28 665
28 711
28 739
28 745
28 749
28 765
28 770
28 788
28 817
28 824
28 828
28 830
28 879
28 901
28 916
28 932
29 38
29 43
29 44
29 47
29 54
29 74
29 80
29 83
29 104
29 117
29 120
29 125
29 139
29 161
29 177
29 189
29 195
29 197
29 203
29 210
29 238
29 265
29 274
29 296
29 312
29 326
29 332
29 340
29 359
29 374
29 385
29 398
29 411
29 422
29 438
29 444
29 445
29 468
29 471
29 472
29 523
29 541
29 544
29 587
29 602
29 607
29 608
29 638
29 689
29 694
29 695
29 725
29 742
29 770
29 803
29 813
29 881
29 885
29 888
29 942
29 975
30 50
30 68
30 72
30 73
30 74
30 92
30 94
30 97
30 99
30 100
30 110
30 111
30 113
30 125
30 133
30 135
30 145
30 149
30 154
30 164
30 169
30 175
30 190
30 200
30 206
30 212
30 218
30 272
30 289
30 301
30 307
30 308
30 320
30 348
30 368
30 369
30 374
30 438
30 462
30 475
30 487
30 491
30 493
30 499
30 534
30 547
30 551
30 612
30 712
30 727
30 762
30 785
30 804
30 861
30 958
31 33
31 34
31 36
31 39
31 43
31 46
31 50
31 55
31 72
31 78
31 80
31 87
31 94
31 96
31 98
31 105
31 111
31 116
31 119
31 127
31 148
31 155
31 157
31 168
31 171
31 191
31 192
31 200
31 205
31 211
31 220
31 222
31 233
31 235
31 244
31 261
31 263
31 286
31 320
31 331
31 338
31 340
31 368
31 390
31 400
31 401
31 408
31 415
31 456
31 538
31 557
31 564
31 586
31 593
31 619
31 623
31 627
31 675
31 681
31 684
31 706
31 718
31 781
31 895
31 914
31 942
31 955
31 975
32 36
32 40
32 47
32 58
32 60
32 74
32 95
32 166
32 217
32 226
32 271
32 282
32 285
32 291
32 306
32 327
32 355
32 481
32 482
32 510
32 541
32 593
32 611
32 662
32 724
32 748
32 788
32 854
32 870
32 871
32 895
32 897
32 915
33 42
33 43
33 45
33 46
33 62
33 70
33 76
33 78
33 81
33 106
33 155
33 167
33 183
33 203
33 215
33 217
33 220
33 223
33 229
33 239
33 248
33 263
33 288
33 289
33 298
33 303
33 304
33 305
33 381
33 390
33 409
33 413
33 419
33 443
33 448
33 562
33 566
33 598
33 622
33 734
33 755
33 785
33 961
33 973
33 987
34 35
34 37
34 42
34 53
34 60
34 67
34 78
34 84
34 101
34 104
34 111
34 116
34 137
34 138
34 146
34 177
34 184
34 192
34 193
34 209
34 211
34 221
34 242
34 248
34 254
34 269
34 277
34 280
34 300
34 432
34 446
34 472
34 516
34 524
34 527
34 533
34 534
34 588
34 614
34 639
34 649
34 663
34 672
34 716
34 738
34 747
34 748
34 752
34 840
34 842
34 844
34 853
34 863
34 928
34 937
34 971
34 977
34 992
35 36
35 39
35 42
35 48
35 49
35 60
35 64
35 66
35 69
35 72
35 76
35 81
35 88
35 100
35 106
35 110
35 112
35 116
35 118
35 126
35 147
35 172
35 183
35 187
35 192
35 198
35 202
35 205
35 211
35 228
35 245
35 271
35 278
35 284
35 286
35 294
35 296
35 304
35 327
35 329
35 339
35 363
35 376
35 386
35 397
35 435
35 445
35 450
35 480
35 487
35 528
35 572
35 574
35 583
35 587
35 595
35 658
35 794
35 806
35 834
35 861
35 873
35 880
35 902
35 920
35 956
35 979
36 37
36 56
36 65
36 70
36 75
36 82
36 83
36 87
36 93
36 94
36 97
36 121
36 129
36 148
36 164
36 188
36 190
36 202
36 212
36 257
36 331
36 339
36 395
36 398
36 408
36 495
36 552
36 558
36 562
36 577
36 582
36 618
36 620
36 680
36 685
36 694
36 743
36 762
36 765
36 766
36 873
36 890
36 935
36 940
37 55
37 72
37 75
37 78
37 79
37 83
37 127
37 142
37 154
37 171
37 209
37 249
37 252
37 260
37 268
37 270
37 314
37 363
37 379
37 382
37 407
37 640
37 668
37 676
37 768
37 793
37 927
37 982
38 40
38 47
38 48
38 50
38 52
38 57
38 61
38 63
38 92
38 110
38 125
38 145
38 152
38 171
38 182
38 211
38 217
38 222
38 250
38 251
38 311
38 334
38 347
38 357
38 387
38 392
38 411
38 472
38 477
38 505
38 513
38 527
38 535
38 551
38 567
38 588
38 691
38 710
38 735
38 766
38 798
38 814
38 891
38 895
38 903
38 907
38 988
39 40
39 53
39 59
39 66
39 69
39 99
39 114
39 118
39 131
39 141
39 161
39 169
39 223
39 226
39 229
39 239
39 265
39 271
39 277
39 287
39 311
39 328
39 339
39 356
39 360
39 377
39 426
39 439
39 451
39 452
39 470
39 527
39 531
39 613
39 617
39 636
39 641
39 660
39 680
39 708
39 718
39 794
39 875
39 896
39 909
39 912
39 927
39 950
39 957
39 994
40 47
40 57
40 67
40 77
40 79
40 88
40 94
40 101
40 103
40 149
40 164
40 170
40 173
40 175
40 177
40 183
40 196
40 200
40 242
40 248
40 290
40 301
40 326
40 331
40 349
40 372
40 376
40 380
40 391
40 394
40 407
40 449
40 473
40 501
40 566
40 574
40 575
40 579
40 619
40 643
40 646
40 660
40 677
40 696
40 700
40 753
40 810
40 811
40 817
40 819
40 834
40 841
40 862
40 876
40 887
40 895
40 897
40 908
40 909
40 945
40 994
41 49
41 55
41 56
41 62
41 64
41 68
41 74
41 106
41 112
41 124
41 129
41 143
41 149
41 151
41 166
41 213
41 217
41 226
41 236
41 245
41 264
41 268
41 276
41 283
41 286
41 294
41 337
41 349
41 369
41 398
41 416
41 428
41 437
41 438
41 442
41 459
41 474
41 583
41 595
41 602
41 630
41 640
41 641
41 658
41 660
41 666
41 743
41 754
41 759
41 777
41 781
41 798
41 827
41 831
41 834
41 864
41 867
41 883
41 905
41 960
41 987
41 999
42 45
42 47
42 56
42 58
42 60
42 74
42 75
42 77
42 84
42 86
42 95
42 109
42 123
42 140
42 159
42 166
42 172
42 181
42 201
42 203
42 216
42 227
42 243
42 246
42 254
42 307
42 343
42 367
42 486
42 535
42 547
42 557
42 561
42 643
42 702
42 719
42 748
42 784
42 811
42 833
42 941
42 964
42 966
43 47
43 48
43 55
43 59
43 65
43 72
43 73
43 82
43 88
43 106
43 111
43 123
43 131
43 136
43 142
43 149
43 151
43 153
43 155
43 158
43 172
43 199
43 201
43 208
43 210
43 215
43 228
43 231
43 245
43 247
43 269
43 273
43 283
43 324
43 341
43 359
43 365
43 367
43 370
43 386
43 400
43 416
43 439
43 441
43 454
43 457
43 498
43 526
43 571
43 594
43 604
43 623
43 667
43 724
43 726
43 762
43 799
43 802
43 829
43 832
43 868
43 901
43 924
43 953
43 974
43 991
44 51
44 63
44 64
44 91
44 93
44 108
44 112
44 117
44 142
44 143
44 220
44 231
44 254
44 326
44 338
44 387
44 396
44 398
44 435
44 452
44 482
44 504
44 533
44 538
44 595
44 615
44 711
44 714
44 796
44 845
44 888
44 902
44 935
44 944
45 51
45 56
45 57
45 83
45 95
45 132
45 156
45 158
45 163
45 197
45 209
45 212
45 216
45 225
45 270
45 306
45 374
45 401
45 416
45 434
45 496
45 541
45 546
45 554
45 657
45 716
45 743
45 811
45 836
45 890
45 894
45 911
45 962
45 996
46 48
46 49
46 54
46 58
46 62
46 66
46 67
46 71
46 72
46 73
46 76
46 79
46 85
46 101
46 111
46 115
46 119
46 122
46 126
46 137
46 141
46 142
46 143
46 148
46 153
46 161
46 167
46 182
46 184
46 192
46 231
46 235
46 237
46 238
46 253
46 266
46 271
46 278
46 297
46 299
46 313
46 319
46 341
46 345
46 351
46 363
46 388
46 393
46 412
46 425
46 440
46 459
46 481
46 494
46 499
46 500
46 505
46 512
46 523
46 531
46 559
46 590
46 625
46 650
46 653
46 668
46 669
46 673
46 676
46 683
46 715
46 722
46 772
46 808
46 812
46 825
46 833
46 841
46 846
46 871
46 882
46 907
46 916
46 917
46 932
46 935
46 947
46 951
47 57
47 61
47 63
47 74
47 84
47 109
47 111
47 126
47 128
47 141
47 144
47 147
47 157
47 161
47 164
47 169
47 178
47 195
47 214
47 230
47 231
47 253
47 277
47 279
47 313
47 315
47 333
47 361
47 411
47 417
47 429
47 432
47 435
47 439
47 446
47 454
47 469
47 471
47 478
47 480
47 528
47 530
47 535
47 543
47 562
47 565
47 593
47 609
47 643
47 694
47 723
47 739
47 740
47 753
47 758
47 780
47 811
47 813
47 832
47 885
47 888
47 889
47 895
47 911
47 954
47 976
47 979
47 987
48 63
48 69
48 96
48 97
48 98
48 105
48 118
48 132
48 140
48 147
48 172
48 178
48 206
48 207
48 223
48 236
48 267
48 281
48 284
48 325
48 362
48 371
48 397
48 434
48 459
48 473
48 484
48 496
48 499
48 506
48 511
48 558
48 600
48 638
48 642
48 808
48 859
48 896
48 922
48 989
49 56
49 61
49 66
49 68
49 97
49 99
49 111
49 123
49 197
49 206
49 235
49 310
49 324
49 337
49 427
49 449
49 462
49 487
49 491
49 515
49 539
49 553
49 590
49 592
49 606
49 634
49 636
49 727
49 771
49 802
49 818
49 877
49 887
49 937
49 964
49 975
49 989
50 58
50 101
50 163
50 188
50 209
50 214
50 263
50 294
50 380
50 386
50 404
50 447
50 453
50 555
50 624
50 673
50 744
50 761
50 806
50 961
50 974
51 53
51 57
51 63
51 75
51 77
51 81
51 98
51 105
51 110
51 120
51 126
51 128
51 146
51 155
51 186
51 197
51 223
51 243
51 276
51 279
51 284
51 314
51 338
51 370
51 406
51 410
51 431
51 436
51 502
51 597
51 675
51 690
51 723
51 820
51 889
51 936
51 965
52 83
52 124
52 157
52 160
52 166
52 184
52 187
52 206
52 207
52 244
52 261
52 278
52 292
52 294
52 311
52 355
52 372
52 373
52 389
52 412
52 433
52 503
52 573
52 684
52 695
52 756
52 778
52 791
52 809
52 867
52 879
52 912
52 915
53 69
53 76
53 90
53 93
53 122
53 123
53 138
53 139
53 140
53 143
53 151
53 155
53 165
53 176
53 180
53 181
53 196
53 239
53 241
53 285
53 322
53 325
53 327
53 337
53 354
53 444
53 458
53 481
53 532
53 557
53 681
53 696
53 715
53 729
53 734
53 737
53 785
53 805
53 872
53 894
53 945
53 985
54 84
54 87
54 90
54 91
54 104
54 115
54 127
54 134
54 150
54 162
54 171
54 194
54 213
54 219
54 257
54 265
54 278
54 322
54 365
54 388
54 440
54 456
54 491
54 589
54 656
54 663
54 670
54 707
54 732
54 784
54 987
55 60
55 71
55 95
55 114
55 121
55 137
55 142
55 158
55 165
55 167
55 170
55 171
55 178
55 195
55 214
55 229
55 236
55 242
55 266
55 267
55 337
55 347
55 377
55 381
55 392
55 408
55 421
55 449
55 455
55 458
55 493
55 534
55 552
55 573
55 582
55 595
55 624
55 641
55 667
55 690
55 705
55 707
55 733
55 763
55 809
55 814
55 845
55 901
55 925
55 969
56 67
56 86
56 87
56 102
56 107
56 120
56 149
56 151
56 158
56 181
56 221
56 228
56 238
56 251
56 260
56 285
56 369
56 420
56 424
56 479
56 502
56 529
56 559
56 618
56 641
56 673
56 687
56 709
56 757
56 765
56 811
56 817
56 847
56 854
56 875
56 937
56 982
57 80
57 86
57 118
57 186
57 242
57 243
57 257
57 301
57 314
57 330
57 345
57 350
57 364
57 377
57 455
57 556
57 573
57 586
57 652
57 725
57 739
57 750
57 772
57 773
57 897
57 927
57 952
57 994
58 61
58 64
58 85
58 92
58 100
58 104
58 109
58 126
58 131
58 134
58 152
58 154
58 156
58 165
58 166
58 205
58 220
58 223
58 235
58 270
58 289
58 293
58 302
58 316
58 321
58 357
58 393
58 400
58 401
58 449
58 496
58 501
58 541
58 546
58 579
58 604
58 675
58 701
58 728
58 765
58 776
58 795
58 824
58 864
58 901
58 909
58 945
59 62
59 73
59 86
59 93
59 96
59 105
59 115
59 116
59 126
59 146
59 147
59 151
59 162
59 175
59 214
59 218
59 231
59 236
59 237
59 246
59 255
59 256
59 258
59 282
59 295
59 309
59 313
59 333
59 336
59 384
59 388
59 421
59 429
59 484
59 593
59 601
59 637
59 677
59 736
59 790
59 828
59 865
59 931
59 943
59 944
59 951
59 953
59 972
59 977
59 1000
60 61
60 88
60 99
60 123
60 151
60 173
60 176
60 192
60 237
60 243
60 268
60 270
60 272
60 288
60 395
60 436
60 508
60 558
60 563
60 572
60 603
60 656
60 690
60 730
60 782
60 796
60 829
60 836
60 933
60 955
61 74
61 89
61 97
61 113
61 128
61 212
61 220
61 318
61 325
61 347
61 348
61 355
61 375
61 392
61 419
61 421
61 459
61 494
61 506
61 524
61 526
61 602
61 672
61 677
61 758
61 766
61 775
61 791
61 870
62 63
62 68
62 70
62 85
62 121
62 134
62 135
62 163
62 214
62 237
62 315
62 317
62 332
62 338
62 351
62 386
62 393
62 410
62 436
62 438
62 461
62 464
62 469
62 488
62 491
62 507
62 515
62 581
62 605
62 702
62 765
62 824
62 904
62 921
63 64
63 71
63 92
63 95
63 109
63 126
63 127
63 143
63 168
63 181
63 188
63 273
63 309
63 326
63 334
63 382
63 394
63 425
63 427
63 478
63 483
63 532
63 543
63 553
63 559
63 601
63 606
63 723
63 780
63 791
63 813
63 851
63 862
63 973
63 977
64 92
64 102
64 119
64 197
64 224
64 228
64 237
64 251
64 274
64 304
64 362
64 363
64 379
64 422
64 436
64 438
64 473
64 541
64 554
64 564
64 568
64 627
64 652
64 687
64 727
64 743
64 796
64 963
65 66
65 116
65 134
65 147
65 161
65 163
65 190
65 193
65 196
65 282
65 326
65 517
65 524
65 525
65 649
65 688
65 761
65 762
65 827
65 838
66 68
66 96
66 99
66 101
66 105
66 108
66 121
66 136
66 140
66 144
66 163
66 166
66 217
66 229
66 271
66 304
66 351
66 364
66 369
66 401
66 410
66 512
66 520
66 569
66 583
66 607
66 627
66 647
66 651
66 678
66 792
66 799
66 818
66 820
66 894
66 905
66 913
66 958
66 986
66 992
67 73
67 85
67 98
67 99
67 110
67 115
67 122
67 124
67 156
67 181
67 184
67 191
67 204
67 214
67 233
67 254
67 264
67 321
67 409
67 414
67 423
67 432
67 452
67 487
67 526
67 620
67 646
67 655
67 669
67 671
67 673
67 678
67 724
67 745
67 782
67 820
67 852
67 953
67 978
68 70
68 82
68 83
68 96
68 100
68 107
68 112
68 145
68 147
68 159
68 170
68 172
68 225
68 233
68 238
68 243
68 250
68 284
68 298
68 307
68 323
68 330
68 373
68 380
68 416
68 421
68 504
68 525
68 578
68 596
68 628
68 667
68 701
68 776
68 793
68 804
68 837
68 855
68 878
68 892
68 899
68 939
68 945
69 103
69 137
69 143
69 144
69 178
69 185
69 193
69 203
69 225
69 258
69 261
69 323
69 333
69 344
69 374
69 391
69 422
69 442
69 444
69 498
69 502
69 505
69 513
69 514
69 520
69 522
69 529
69 581
69 648
69 649
69 662
69 691
69 714
69 728
69 926
69 983
70 82
70 108
70 129
70 138
70 141
70 148
70 165
70 182
70 191
70 197
70 264
70 319
70 356
70 401
70 423
70 445
70 469
70 481
70 528
70 615
70 824
70 839
70 883
70 890
70 893
70 895
70 954
70 972
70 985
71 98
71 104
71 107
71 112
71 114
71 158
71 161
71 187
71 208
71 210
71 227
71 254
71 259
71 260
71 315
71 410
71 451
71 453
71 521
71 598
71 621
71 634
71 719
71 877
71 891
71 993
72 77
72 117
72 139
72 152
72 169
72 198
72 199
72 239
72 299
72 303
72 334
72 362
72 371
72 456
72 470
72 483
72 527
72 573
72 695
72 698
72 723
72 827
72 835
72 868
73 87
73 90
73 116
73 134
73 194
73 209
73 306
73 408
73 435
73 481
73 488
73 494
73 497
73 602
73 658
73 794
73 832
73 881
73 900
73 968
74 88
74 109
74 113
74 114
74 123
74 131
74 150
74 160
74 164
74 242
74 262
74 284
74 301
74 462
74 468
74 479
74 500
74 603
74 693
74 734
74 735
74 814
74 987
75 80
75 105
75 109
75 117
75 127
75 135
75 153
75 157
75 168
75 179
75 192
75 233
75 234
75 286
75 302
75 306
75 327
75 358
75 366
75 374
75 488
75 513
75 565
75 616
75 641
75 647
75 683
75 714
75 779
75 797
75 801
75 817
75 854
75 856
75 893
75 959
76 91
76 94
76 103
76 124
76 154
76 168
76 175
76 228
76 261
76 335
76 340
76 388
76 394
76 414
76 509
76 579
76 588
76 590
76 719
76 782
76 902
76 924
77 89
77 102
77 137
77 148
77 183
77 206
77 235
77 270
77 271
77 283
77 292
77 310
77 415
77 423
77 450
77 480
77 561
77 588
77 682
77 823
77 960
78 81
78 83
78 103
78 112
78 120
78 127
78 141
78 145
78 156
78 168
78 203
78 206
78 212
78 230
78 291
78 298
78 459
78 460
78 518
78 529
78 560
78 612
78 682
78 690
78 693
78 713
78 717
78 795
78 828
78 879
78 905
78 961
78 965
79 90
79 99
79 102
79 119
79 141
79 144
79 159
79 196
79 288
79 338
79 369
79 459
79 490
79 504
79 514
79 531
79 592
79 615
79 685
79 805
80 84
80 103
80 186
80 188
80 194
80 201
80 282
80 322
80 327
80 344
80 354
80 355
80 367
80 394
80 405
80 408
80 420
80 430
80 431
80 432
80 463
80 467
80 495
80 496
80 525
80 538
80 599
80 602
80 605
80 620
80 639
80 679
80 690
80 720
80 760
80 766
80 778
80 780
80 793
80 826
80 834
80 910
80 921
80 947
81 86
81 96
81 118
81 134
81 148
81 160
81 169
81 180
81 244
81 280
81 316
81 321
81 350
81 359
81 382
81 415
81 465
81 502
81 571
81 670
81 736
81 737
81 752
81 858
81 928
82 84
82 96
82 99
82 113
82 159
82 196
82 198
82 217
82 222
82 233
82 238
82 251
82 274
82 288
82 305
82 342
82 372
82 430
82 433
82 445
82 459
82 506
82 580
82 583
82 585
82 611
82 650
82 663
82 685
82 688
82 697
82 808
82 848
82 924
82 949
83 97
83 136
83 188
83 190
83 197
83 215
83 216
83 262
83 274
83 277
83 279
83 290
83 293
83 310
83 341
83 378
83 409
83 471
83 478
83 513
83 536
83 599
83 607
83 634
83 657
83 679
83 762
83 777
83 865
83 896
83 950
83 976
84 88
84 95
84 106
84 112
84 125
84 141
84 154
84 176
84 180
84 222
84 287
84 336
84 361
84 420
84 431
84 509
84 544
84 576
84 623
84 635
84 830
84 886
84 889
84 968
84 982
85 120
85 132
85 190
85 201
85 219
85 289
85 295
85 346
85 348
85 352
85 356
85 399
85 478
85 485
85 491
85 497
85 524
85 552
85 617
85 623
85 651
85 663
85 706
85 714
85 727
85 765
85 787
85 791
85 806
85 808
85 940
85 945
85 994
86 102
86 125
86 165
86 219
86 227
86 239
86 321
86 345
86 378
86 480
86 482
86 584
86 613
86 707
86 780
86 810
86 836
86 964
86 965
87 89
87 103
87 113
87 120
87 157
87 158
87 163
87 176
87 177
87 185
87 196
87 219
87 228
87 237
87 253
87 277
87 359
87 370
87 554
87 594
87 613
87 623
87 685
87 735
87 840
87 963
88 91
88 105
88 125
88 128
88 133
88 150
88 161
88 174
88 177
88 181
88 215
88 250
88 264
88 299
88 351
88 368
88 381
88 396
88 400
88 401
88 403
88 415
88 420
88 433
88 437
88 443
88 469
88 513
88 582
88 587
88 588
88 653
88 738
88 748
88 754
88 768
88 799
88 801
88 877
88 904
88 917
88 964
88 968
89 195
89 220
89 276
89 324
89 429
89 436
89 452
89 668
89 835
89 850
89 935
90 93
90 160
90 221
90 307
90 421
90 425
90 442
90 451
90 452
90 708
90 776
90 779
90 804
90 851
90 889
90 946
90 1000
91 96
91 108
91 199
91 228
91 230
91 241
91 335
91 530
91 535
91 543
91 549
91 613
91 686
91 703
91 742
91 775
91 793
91 795
91 853
91 878
91 959
91 991
92 102
92 117
92 123
92 139
92 169
92 177
92 197
92 315
92 323
92 337
92 369
92 397
92 402
92 436
92 462
92 487
92 542
92 610
92 617
92 639
92 689
92 705
92 767
92 770
92 790
92 918
92 921
92 923
92 926
92 965
92 978
93 111
93 124
93 129
93 143
93 173
93 197
93 199
93 216
93 391
93 447
93 530
93 611
93 646
93 648
93 832
93 838
93 844
93 869
93 892
93 923
94 132
94 179
94 240
94 247
94 292
94 482
94 515
94 596
94 618
94 664
94 682
94 683
94 684
94 710
94 762
94 773
94 806
94 824
94 836
94 923
95 100
95 103
95 121
95 139
95 150
95 197
95 234
95 271
95 282
95 285
95 292
95 320
95 413
95 414
95 490
95 535
95 537
95 543
95 564
95 590
95 646
95 666
95 670
95 686
95 690
95 692
95 697
95 713
95 723
95 753
95 756
95 781
95 783
95 805
95 828
95 856
95 867
95 874
95 904
95 924
95 930
95 931
95 937
95 939
95 991
96 135
96 282
96 299
96 314
96 474
96 536
96 541
96 558
96 569
96 655
96 686
96 881
96 972
97 122
97 133
97 137
97 150
97 195
97 226
97 241
97 243
97 258
97 283
97 330
97 388
97 395
97 412
97 503
97 548
97 695
97 704
97 725
97 776
97 815
97 853
97 879
97 918
97 942
97 945
97 988
98 104
98 114
98 125
98 162
98 213
98 241
98 269
98 278
98 285
98 359
98 455
98 499
98 503
98 705
98 735
99 119
99 121
99 142
99 146
99 157
99 168
99 175
99 177
99 204
99 227
99 235
99 255
99 298
99 300
99 313
99 371
99 491
99 498
99 576
99 590
99 599
99 605
99 701
99 720
99 728
99 831
99 850
99 858
99 882
99 902
100 122
100 172
100 173
100 351
100 430
100 495
100 579
100 777
100 785
100 807
100 808
100 831
100 855
101 104
101 116
101 130
101 133
101 137
101 160
101 162
101 172
101 202
101 218
101 270
101 283
101 300
101 327
101 330
101 360
101 370
101 404
101 489
101 506
101 519
101 536
101 560
101 636
101 662
101 666
101 674
101 725
101 765
101 798
101 824
101 825
101 912
101 947
101 963
101 996
102 113
102 132
102 152
102 173
102 184
102 274
102 305
102 308
102 328
102 375
102 386
102 393
102 399
102 405
102 418
102 454
102 469
102 471
102 539
102 546
102 560
102 583
102 595
102 608
102 646
102 698
102 722
102 727
102 747
102 867
102 871
102 929
103 185
103 198
103 207
103 259
103 313
103 326
103 372
103 395
103 423
103 536
103 616
103 648
103 677
103 742
103 755
103 803
103 822
103 855
103 871
103 877
103 940
103 975
104 107
104 118
104 155
104 184
104 196
104 216
104 344
104 374
104 384
104 440
104 485
104 556
104 570
104 575
104 624
104 678
104 739
105 123
105 133
105 144
105 162
105 179
105 211
105 212
105 229
105 241
105 247
105 249
105 340
105 341
105 394
105 408
105 411
105 424
105 454
105 485
105 595
105 615
105 758
105 783
105 867
105 886
105 947
106 128
106 178
106 198
106 228
106 257
106 265
106 275
106 276
106 302
106 321
106 328
106 352
106 419
106 435
106 443
106 457
106 626
106 637
106 703
106 704
106 781
106 859
106 898
106 899
106 946
107 121
107 123
107 142
107 159
107 186
107 200
107 230
107 317
107 340
107 343
107 357
107 368
107 405
107 418
107 423
107 455
107 464
107 635
107 638
107 653
107 822
107 933
107 949
108 130
108 152
108 158
108 195
108 266
108 300
108 357
108 368
108 415
108 442
108 550
108 633
108 640
108 666
108 688
108 709
108 822
108 932
109 112
109 143
109 157
109 163
109 286
109 302
109 373
109 415
109 454
109 462
109 916
110 145
110 273
110 375
110 554
110 754
110 856
110 978
111 159
111 193
111 202
111 325
111 334
111 406
111 435
111 520
111 657
111 698
111 704
111 756
111 764
111 774
111 787
111 833
111 914
111 943
112 115
112 178
112 182
112 191
112 215
112 292
112 354
112 505
112 568
112 579
112 619
112 665
112 708
112 744
112 778
112 789
112 870
112 884
112 911
112 963
113 192
113 211
113 220
113 252
113 296
113 415
113 467
113 476
113 508
113 552
113 557
113 582
113 589
113 638
113 661
113 663
113 853
113 960
113 969
114 124
114 235
114 284
114 392
114 483
114 553
114 683
114 771
114 883
115 138
115 168
115 192
115 224
115 232
115 238
115 243
115 245
115 252
115 268
115 274
115 335
115 381
115 415
115 439
115 471
115 486
115 536
115 576
115 898
115 973
116 118
116 193
116 214
116 252
116 305
116 314
116 372
116 395
116 413
116 433
116 477
116 495
116 511
116 551
116 600
116 607
116 668
116 699
116 710
116 718
116 792
116 865
116 885
116 920
116 986
117 126
117 135
117 139
117 153
117 167
117 186
117 259
117 350
117 441
117 446
117 586
117 674
117 731
117 748
117 753
117 787
117 915
117 998
118 131
118 133
118 136
118 155
118 189
118 194
118 202
118 221
118 231
118 244
118 349
118 382
118 436
118 468
118 476
118 560
118 849
118 893
119 146
119 159
119 180
119 186
119 249
119 253
119 293
119 366
119 406
119 490
119 571
119 584
119 587
119 898
119 905
119 912
119 995
120 173
120 408
120 433
120 529
120 618
120 639
120 674
120 936
120 955
121 200
121 232
121 242
121 250
121 270
121 274
121 290
121 291
121 409
121 417
121 518
121 542
121 561
121 747
121 827
122 134
122 150
122 168
122 218
122 224
122 234
122 315
122 318
122 329
122 331
122 346
122 354
122 420
122 423
122 455
122 524
122 526
122 573
122 671
122 707
122 770
122 777
122 786
122 807
122 821
122 909
122 941
122 990
123 124
123 140
123 204
123 206
123 217
123 299
123 320
123 325
123 367
123 380
123 391
123 559
123 658
123 700
123 752
123 805
123 897
123 903
123 967
123 971
124 149
124 297
124 316
124 356
124 410
124 492
124 545
124 721
124 756
124 851
124 934
125 134
125 140
125 148
125 149
125 155
125 195
125 253
125 289
125 319
125 362
125 416
125 425
125 466
125 496
125 575
125 584
125 662
125 702
125 744
125 792
125 807
125 886
125 953
126 130
126 229
126 240
126 324
126 366
126 439
126 458
126 464
126 531
126 538
126 547
126 570
126 589
126 749
126 797
126 878
126 915
126 978
127 145
127 171
127 224
127 272
127 287
127 323
127 361
127 385
127 402
127 406
127 533
127 591
127 595
127 605
127 617
127 663
127 679
127 730
127 750
127 887
128 131
128 166
128 168
128 256
128 332
128 388
128 427
128 429
128 442
128 468
128 508
128 644
128 868
128 888
128 961
129 144
129 205
129 207
129 216
129 253
129 256
129 305
129 378
129 503
129 505
129 658
129 672
129 676
129 707
129 736
129 744
130 135
130 136
130 155
130 167
130 175
130 183
130 236
130 273
130 293
130 298
130 353
130 356
130 357
130 366
130 375
130 382
130 456
130 523
130 538
130 551
130 617
130 856
130 910
130 935
130 974
131 138
131 176
131 178
131 180
131 240
131 251
131 285
131 328
131 348
131 392
131 426
131 474
131 498
131 517
131 539
131 558
131 561
131 562
131 563
131 588
131 596
131 612
131 628
131 652
131 660
131 700
131 757
131 778
131 849
131 851
131 938
132 148
132 162
132 262
132 397
132 434
132 788
132 792
132 895
132 960
133 153
133 171
133 269
133 342
133 360
133 399
133 427
133 457
133 484
133 498
133 528
133 631
133 641
133 709
133 710
134 199
134 200
134 264
134 275
134 308
134 330
134 331
134 394
134 419
134 422
134 489
134 500
134 517
134 541
134 581
134 634
134 636
134 752
134 760
134 829
134 924
134 956
134 963
134 967
134 999
135 140
135 146
135 252
135 260
135 263
135 309
135 315
135 387
135 388
135 462
135 515
135 610
135 677
135 784
135 803
135 841
135 928
135 941
135 955
135 986
136 153
136 260
136 461
136 508
136 560
136 593
136 633
136 644
136 696
136 826
136 843
136 930
136 973
136 987
137 149
137 185
137 200
137 234
137 271
137 357
137 384
137 416
137 437
137 587
137 622
137 672
137 705
137 722
137 775
137 828
137 846
138 196
138 223
138 260
138 311
138 376
138 476
138 502
138 511
138 583
138 677
138 681
138 789
138 816
138 862
138 985
139 165
139 205
139 226
139 245
139 246
139 264
139 265
139 309
139 385
139 451
139 550
139 654
139 667
139 676
139 689
139 728
139 893
139 977
139 979
140 179
140 195
140 250
140 335
140 369
140 374
140 394
140 511
140 583
140 609
140 870
141 160
141 221
141 258
141 358
141 387
141 422
141 446
141 504
141 538
141 561
141 684
141 781
141 897
141 948
141 988
142 198
142 241
142 271
142 290
142 303
142 307
142 339
142 352
142 395
142 432
142 435
142 509
142 545
142 554
142 566
142 604
142 631
142 644
142 725
142 786
142 791
142 829
142 852
142 869
143 156
143 176
143 191
143 283
143 304
143 414
143 428
143 558
143 585
143 656
143 792
143 973
143 988
144 154
144 172
144 174
144 206
144 226
144 232
144 306
144 319
144 322
144 339
144 358
144 367
144 418
144 430
144 451
144 475
144 485
144 552
144 601
144 711
144 739
144 790
144 800
144 874
144 968
144 976
145 244
145 400
145 483
145 664
145 756
145 883
146 152
146 218
146 248
146 273
146 290
146 293
146 349
146 353
146 384
146 428
146 434
146 533
146 598
146 619
146 648
146 684
146 708
146 723
146 763
146 777
146 839
146 875
146 915
146 951
146 982
146 984
147 156
147 229
147 245
147 253
147 515
147 576
147 778
148 167
148 182
148 187
148 208
148 209
148 215
148 235
148 263
148 307
148 385
148 448
148 536
148 591
149 201
149 294
149 368
149 439
149 444
149 579
149 632
149 651
149 667
149 669
149 704
149 856
149 860
149 892
149 905
150 151
150 219
150 279
150 284
150 348
150 420
150 468
150 528
150 570
150 733
150 832
150 871
150 876
151 153
151 160
151 163
151 189
151 224
151 256
151 267
151 298
151 310
151 313
151 348
151 349
151 359
151 424
151 430
151 458
151 476
151 515
151 524
151 574
151 579
151 653
152 219
152 286
152 303
152 304
152 315
152 334
152 349
152 356
152 401
152 405
152 504
152 693
152 718
152 724
152 760
152 810
152 818
152 824
152 837
152 872
152 880
152 934
152 952
152 998
153 166
153 189
153 223
153 470
153 494
153 508
153 572
153 881
154 194
154 253
154 276
154 280
154 314
154 490
154 522
154 552
154 555
154 606
154 654
154 671
154 720
154 728
154 751
154 793
154 978
155 180
155 246
155 252
155 370
155 428
155 429
155 514
155 517
155 810
155 838
155 867
155 994
156 167
156 250
156 281
156 362
156 481
156 552
156 813
157 169
157 179
157 189
157 214
157 215
157 360
157 468
157 481
157 518
157 568
157 633
157 731
157 749
157 781
157 808
157 831
157 866
158 205
158 218
158 298
158 299
158 303
158 312
158 338
158 361
158 412
158 487
158 520
158 536
158 565
158 566
158 598
158 649
158 782
158 860
159 220
159 234
159 251
159 267
159 356
159 373
159 385
159 461
159 475
159 494
159 557
159 600
159 751
159 794
159 823
159 962
160 194
160 199
160 221
160 280
160 316
160 512
160 519
160 536
160 615
160 861
160 914
161 179
161 203
161 212
161 290
161 296
161 317
161 439
161 449
161 521
161 585
161 670
161 695
161 806
162 326
162 443
162 464
162 510
162 577
162 752
162 910
162 935
163 174
163 270
163 293
163 323
163 497
163 519
163 544
163 661
163 696
163 754
163 816
164 184
164 193
164 230
164 258
164 345
164 358
164 389
164 394
164 424
164 443
164 490
164 494
164 519
164 532
164 553
164 600
164 613
164 626
164 645
164 753
164 806
164 857
164 889
164 891
165 188
165 193
165 204
165 219
165 380
165 404
165 469
165 493
165 545
165 733
165 750
165 797
165 912
165 929
165 933
165 944
165 995
166 171
166 185
166 192
166 285
166 390
166 487
166 488
166 550
166 554
166 588
166 626
166 748
166 801
166 878
167 188
167 248
167 306
167 345
167 349
167 355
167 503
167 570
167 583
167 709
167 879
168 270
168 352
168 507
168 570
168 669
168 743
168 761
168 798
168 839
168 897
169 170
169 174
169 195
169 204
169 230
169 252
169 297
169 312
169 342
169 501
169 537
169 545
169 641
169 701
169 716
169 763
169 969
170 233
170 240
170 303
170 644
170 802
171 211
171 260
171 301
171 318
171 415
171 490
171 500
171 533
171 630
171 644
172 200
172 277
172 282
172 304
172 458
172 507
172 671
172 694
172 840
172 1000
173 239
173 314
173 350
173 366
173 441
173 465
173 551
173 632
173 764
173 796
173 817
173 994
173 998
174 198
174 199
174 277
174 289
174 312
174 329
174 361
174 431
174 432
174 503
174 504
174 562
174 678
174 701
174 996
175 194
175 287
175 312
175 417
175 467
175 619
175 774
175 840
175 842
175 927
176 228
176 249
176 322
176 414
176 529
176 535
176 546
176 573
176 648
176 833
177 190
177 257
177 259
177 280
177 288
177 428
177 441
177 625
178 583
178 757
178 975
179 204
179 222
179 225
179 271
179 365
179 377
179 387
179 489
179 553
179 556
179 597
179 610
179 759
180 207
180 280
180 324
180 345
180 365
180 625
180 701
180 798
180 823
180 956
180 959
181 196
181 209
181 311
181 329
181 445
181 447
181 499
181 571
181 576
181 637
181 645
181 721
181 741
181 742
181 990
182 199
182 202
182 203
182 227
182 320
182 404
182 412
182 427
182 497
182 509
182 565
182 569
182 603
182 605
182 691
182 746
182 894
183 198
183 224
183 239
183 244
183 311
183 314
183 316
183 340
183 400
183 460
183 470
183 490
183 497
183 542
183 567
183 609
183 617
183 657
183 687
183 714
183 759
183 847
183 880
183 916
183 931
183 988
184 212
184 227
184 276
184 296
184 365
184 407
184 425
184 442
184 774
184 908
184 985
185 207
185 211
185 236
185 244
185 297
185 299
185 306
185 331
185 440
185 444
185 463
185 540
185 541
185 548
185 632
185 759
185 791
185 804
185 904
185 985
185 1000
186 302
186 308
186 357
186 360
186 376
186 440
186 443
186 485
186 618
186 624
186 640
186 800
186 874
187 188
187 234
187 240
187 261
187 281
187 368
187 425
187 535
187 540
187 541
187 689
187 699
187 738
187 750
187 889
188 191
188 268
188 433
188 470
188 614
188 622
188 688
188 704
188 717
188 718
188 729
188 782
188 820
188 888
188 908
188 927
189 269
189 290
189 358
189 390
189 545
189 608
189 675
189 692
189 778
190 208
190 231
190 268
190 272
190 320
190 394
190 407
190 442
190 467
190 508
190 638
190 697
190 812
190 870
191 216
191 247
191 266
191 361
191 424
191 489
191 546
191 550
191 582
191 611
191 617
191 632
191 691
191 721
191 723
191 772
191 822
191 848
191 850
191 935
191 965
191 985
192 201
192 289
192 328
192 344
192 347
192 376
192 380
192 383
192 410
192 466
192 515
192 594
192 645
192 665
192 699
192 729
192 742
192 750
192 909
193 212
193 275
193 287
193 343
193 372
193 453
193 540
193 547
193 613
193 632
193 689
193 707
193 740
193 805
193 920
193 944
193 948
193 968
193 996
194 213
194 255
194 293
194 374
194 389
194 480
194 483
194 662
194 784
195 215
195 225
195 266
195 343
195 392
195 396
195 417
195 428
195 446
195 504
195 884
195 904
195 928
195 931
196 245
196 269
196 379
196 460
196 550
196 629
196 633
196 637
196 651
196 853
196 925
197 301
197 317
197 375
197 502
198 203
198 205
198 238
198 272
198 279
198 363
198 383
198 479
198 499
198 573
198 663
198 674
198 706
198 798
198 838
198 858
199 295
199 308
199 320
199 342
199 380
199 407
199 409
199 464
199 596
199 602
199 668
199 835
199 861
199 877
199 981
200 258
200 713
200 964
201 406
201 410
201 437
201 452
201 460
201 479
201 534
201 613
201 642
201 667
201 845
201 929
202 325
202 425
202 810
203 275
203 276
203 295
203 370
203 432
203 522
203 612
203 724
203 906
204 232
204 242
204 248
204 291
204 305
204 342
204 373
204 474
204 548
204 622
204 696
204 752
205 240
205 246
205 274
205 281
205 293
205 387
205 411
205 418
205 448
205 553
205 577
205 672
205 737
205 750
205 918
206 222
206 262
206 317
206 328
206 404
206 523
206 536
206 539
206 580
206 913
206 957
207 243
207 281
207 292
207 308
207 319
207 339
207 358
207 363
207 365
207 378
207 395
207 409
207 470
207 485
207 495
207 531
207 544
207 555
207 579
207 639
207 707
207 752
207 847
207 869
207 871
207 903
207 917
208 229
208 243
208 248
208 281
208 309
208 343
208 416
208 436
208 474
208 509
208 534
208 821
208 912
208 927
208 940
209 211
209 250
209 277
209 387
209 450
209 521
209 555
209 633
209 716
209 934
209 949
210 242
210 257
210 283
210 319
210 340
210 366
210 421
210 480
210 570
210 571
210 658
210 705
210 731
210 757
210 891
210 939
211 259
211 328
211 364
211 383
211 399
211 417
211 454
211 559
211 575
211 601
211 745
211 812
211 814
211 842
211 874
211 999
212 233
212 294
212 302
212 308
212 330
212 437
212 466
212 473
212 478
212 492
212 523
212 594
212 599
212 726
213 289
213 344
213 449
213 773
213 915
213 979
214 258
214 264
214 279
214 311
214 364
214 611
214 615
214 726
214 816
214 819
214 917
214 923
215 235
215 278
215 419
215 497
215 739
215 836
215 850
215 852
216 221
216 232
216 310
216 314
216 377
216 433
216 460
216 513
216 517
216 591
216 941
217 338
217 353
217 371
217 420
217 479
217 489
217 499
217 518
217 581
217 598
217 685
217 699
217 721
217 804
217 890
217 934
217 947
218 222
218 256
218 302
218 332
218 390
218 444
218 448
218 484
218 517
218 548
218 557
218 626
218 725
218 852
218 866
218 928
219 222
219 241
219 267
219 315
219 345
219 456
219 467
219 554
219 564
219 732
219 891
219 939
219 965
219 976
220 282
220 377
220 426
220 476
220 644
220 688
220 746
220 834
221 283
221 342
221 787
222 259
222 262
222 284
222 300
222 352
222 355
222 399
222 440
222 600
222 610
222 758
222 826
222 831
222 844
222 859
222 996
223 599
223 830
223 914
223 955
224 250
224 276
224 314
224 317
224 341
224 376
224 384
224 418
224 463
224 465
224 483
224 533
224 590
224 634
224 686
224 699
224 726
224 786
224 807
224 816
224 944
224 963
225 289
225 300
225 489
225 543
225 551
225 579
225 586
225 652
225 653
225 655
225 662
225 675
225 742
225 918
226 288
226 294
226 342
226 404
226 409
226 448
226 497
226 502
226 551
226 616
226 629
226 853
226 864
226 943
226 953
226 967
226 971
227 275
227 276
227 335
227 383
227 389
227 438
227 466
227 483
227 543
227 582
227 612
227 637
227 998
228 262
228 265
228 290
228 310
228 371
228 419
228 431
228 440
228 555
228 592
228 657
228 771
228 816
228 881
228 955
228 1000
229 321
229 874
230 239
230 240
230 273
230 373
230 384
230 413
230 477
230 505
230 551
230 646
230 668
230 686
230 805
230 822
230 877
230 914
230 933
231 329
231 677
231 763
231 793
232 326
232 390
232 682
232 689
232 838
232 882
232 926
233 266
233 280
233 447
233 485
233 516
233 529
233 606
233 755
233 760
233 761
233 826
233 878
233 964
234 248
234 273
234 317
234 322
234 360
234 384
234 393
234 405
234 475
234 498
234 519
234 601
234 608
234 657
234 679
234 680
234 693
234 789
234 790
234 930
234 933
234 1000
235 355
235 733
235 747
235 782
236 327
236 333
236 443
236 552
236 607
236 659
236 757
236 774
236 784
236 830
236 900
236 949
236 993
237 260
237 278
237 320
237 342
237 507
237 687
237 789
238 266
238 286
238 297
238 659
238 733
238 954
238 960
238 996
239 476
239 569
239 610
239 694
239 863
240 295
240 340
240 407
240 448
241 322
241 405
241 438
241 442
241 480
241 488
241 528
241 672
241 790
241 807
241 829
241 920
241 966
241 981
242 273
242 330
242 389
242 460
242 462
242 586
242 647
242 927
242 978
243 291
243 302
243 313
243 353
243 354
243 361
243 367
243 399
243 424
243 429
243 449
243 502
243 510
243 539
243 578
243 619
243 627
243 691
243 699
243 768
243 841
243 886
244 350
244 364
244 496
244 513
244 520
244 624
244 627
244 632
244 760
244 898
244 934
245 263
245 277
245 298
245 300
245 324
245 329
245 343
245 372
245 393
245 423
245 426
245 568
245 594
245 611
245 754
245 785
245 862
245 931
246 295
246 365
246 430
246 437
246 462
246 464
246 480
246 529
246 625
246 725
246 764
246 802
246 839
246 898
246 900
246 941
247 262
247 292
247 382
247 426
247 662
247 695
247 812
247 818
247 868
248 252
248 426
248 435
248 536
248 730
248 798
248 840
248 961
249 359
249 366
249 451
249 474
249 527
249 533
249 534
249 565
249 668
249 674
249 714
249 763
249 814
249 898
249 968
249 978
250 265
250 266
250 272
250 296
250 323
250 382
250 429
250 531
250 698
250 729
250 910
250 932
250 952
250 970
251 267
251 276
251 291
251 307
251 328
251 538
251 689
251 742
251 829
251 839
251 847
251 851
251 853
251 863
251 880
251 899
251 925
251 981
251 998
252 316
252 358
252 416
252 463
252 509
252 600
252 724
252 754
252 908
252 928
252 974
253 263
253 275
253 401
253 421
253 600
253 614
253 617
253 636
253 686
253 696
253 783
253 795
253 825
253 950
254 268
254 300
254 308
254 317
254 464
254 465
254 537
254 542
254 572
254 616
254 638
254 731
254 830
254 914
254 922
255 275
255 477
255 540
255 629
255 663
255 811
255 823
255 972
256 260
256 273
256 321
256 375
256 412
256 467
256 485
256 580
256 642
256 717
256 854
256 876
256 896
256 906
256 911
256 931
256 966
257 275
257 284
257 397
257 508
257 521
257 578
257 743
257 805
257 857
257 877
257 925
257 929
257 954
258 291
258 315
258 334
258 372
258 425
258 501
258 535
258 622
258 646
258 657
258 666
258 682
258 719
259 320
259 346
259 350
259 360
259 363
259 389
259 403
259 433
259 446
259 447
259 453
259 512
259 527
259 553
259 581
259 669
259 734
259 822
259 937
259 952
259 969
260 269
260 336
260 413
260 431
260 604
260 737
260 802
260 971
261 346
261 348
261 406
261 414
261 435
261 570
262 329
262 331
262 371
262 384
262 401
262 528
262 639
262 726
262 819
262 876
262 877
262 882
262 962
263 383
263 555
263 603
263 763
263 799
263 820
263 925
264 395
264 447
264 474
264 530
264 590
264 610
264 697
264 838
264 926
264 960
265 303
265 548
265 597
265 671
265 839
265 991
266 280
266 334
266 369
266 489
266 497
266 523
266 616
266 679
266 684
266 713
266 759
266 926
267 287
267 316
267 362
267 737
267 836
267 859
267 948
268 371
268 554
268 653
268 730
269 451
269 569
269 595
269 608
269 818
269 859
269 881
269 951
270 274
270 482
270 490
270 540
270 584
270 744
270 789
270 801
270 820
270 849
270 988
271 272
271 310
271 339
271 520
271 939
271 943
272 466
272 477
272 509
272 700
272 946
273 311
273 319
273 367
273 391
273 466
273 483
273 693
273 839
274 282
274 296
274 309
274 341
274 393
274 403
274 492
274 540
274 587
274 680
274 703
274 749
274 951
275 315
275 336
275 496
275 568
275 621
275 630
275 708
275 726
275 769
275 894
275 924
276 364
276 377
276 487
276 517
276 555
276 567
276 569
276 601
276 621
276 681
276 713
276 825
276 959
277 310
277 400
277 426
277 465
277 501
277 542
277 609
277 694
277 786
277 809
277 927
278 329
278 337
278 431
278 455
278 466
278 645
278 680
278 717
278 776
278 833
278 903
278 907
278 917
279 349
279 526
279 571
279 690
279 751
279 843
279 873
280 286
280 296
280 337
280 378
280 425
280 431
280 548
280 614
280 859
280 872
280 884
280 939
280 941
280 943
280 957
281 319
281 474
281 556
281 915
281 930
281 932
281 940
281 995
282 323
282 344
282 352
282 368
282 417
282 549
282 563
282 606
282 652
282 673
282 844
282 905
282 977
283 406
283 459
283 489
283 514
283 516
283 575
283 585
283 611
283 665
283 770
283 803
284 290
284 655
284 937
284 951
285 413
285 431
285 480
285 572
285 717
285 739
285 830
285 845
285 862
285 876
285 938
286 396
286 461
286 560
286 625
286 669
286 760
286 901
287 297
287 306
287 318
287 365
287 559
287 565
287 593
287 636
288 530
288 539
288 772
289 382
289 457
289 493
289 649
289 741
289 831
289 893
289 997
290 327
290 360
290 366
290 445
290 585
290 591
290 698
290 732
290 843
290 878
290 971
291 301
291 407
291 469
291 490
291 670
291 847
291 942
292 460
292 461
292 609
292 687
292 770
292 805
292 880
293 338
293 396
293 398
293 472
293 537
293 585
293 588
293 635
293 773
293 781
293 826
293 867
293 951
293 989
294 424
294 484
294 488
294 493
294 615
294 726
294 766
295 351
295 354
295 497
295 573
295 935
295 959
295 995
296 332
296 351
296 443
296 633
296 747
296 768
296 813
296 967
297 322
297 329
297 335
297 346
297 488
297 496
297 596
297 621
297 627
297 819
297 884
297 891
297 911
297 926
298 309
298 311
298 319
298 343
298 350
298 447
298 503
298 545
298 620
298 691
298 717
298 721
298 738
298 848
298 918
299 334
299 378
299 389
299 397
299 404
299 447
299 450
299 479
299 575
299 721
299 952
299 967
300 351
300 353
300 447
300 602
300 614
300 664
300 871
300 887
301 313
301 369
301 452
301 485
301 534
301 542
301 562
301 568
301 581
301 664
301 665
301 796
301 980
302 312
302 599
302 616
302 633
302 728
302 744
302 788
302 796
302 911
303 352
303 398
303 403
303 418
303 422
303 528
303 660
303 801
303 854
303 857
304 636
304 823
304 844
305 316
305 398
305 467
305 563
305 614
305 629
305 700
305 738
305 830
305 853
305 882
306 346
306 376
306 396
306 430
306 600
306 629
306 636
306 680
306 689
306 758
306 780
307 363
307 373
307 376
307 451
307 511
307 523
307 639
307 650
307 659
307 685
307 731
307 893
307 906
308 335
308 376
308 378
308 451
308 457
308 510
308 549
308 592
308 641
308 763
308 915
308 977
308 1000
309 434
309 534
309 577
309 668
309 706
310 326
310 475
310 638
310 683
310 735
310 758
310 817
310 843
310 864
311 320
311 616
311 687
311 702
311 970
312 490
312 580
312 618
312 755
312 949
313 367
313 394
313 456
313 463
313 667
313 716
313 834
314 336
314 387
314 407
314 426
314 445
314 472
314 608
314 631
314 880
315 351
315 434
315 524
315 566
315 679
315 712
315 757
315 767
315 816
315 872
316 386
316 405
316 409
316 425
316 541
316 623
316 699
316 773
316 907
317 393
317 399
317 409
317 537
317 569
317 625
317 749
317 810
317 837
317 844
317 870
318 404
318 422
318 633
318 674
318 679
318 792
318 807
318 819
318 859
319 576
319 625
320 333
320 447
320 544
320 574
320 779
321 356
321 498
321 519
321 546
321 667
321 801
321 849
321 947
321 968
322 769
322 885
322 912
323 324
323 392
323 419
323 642
323 769
324 586
324 661
324 773
324 776
324 906
324 974
325 400
325 402
325 410
325 445
325 450
325 507
325 604
325 707
325 766
325 938
325 975
326 343
326 385
326 389
326 412
326 453
326 542
326 589
326 590
326 800
326 822
326 870
326 874
326 970
327 329
327 365
327 388
327 428
327 467
327 482
327 509
327 511
327 512
327 731
328 521
328 532
328 686
329 420
329 558
329 582
329 630
329 677
329 756
330 372
330 391
330 566
330 689
330 713
330 774
330 990
331 452
331 601
331 712
331 717
331 880
332 492
332 524
332 543
332 605
332 654
332 709
332 813
332 902
332 936
333 341
333 379
333 478
333 512
333 532
333 535
333 587
333 624
333 630
333 643
333 662
333 666
333 676
333 864
333 867
333 893
333 900
333 950
334 344
334 828
334 907
335 347
335 560
335 629
335 708
335 785
335 948
336 364
336 440
336 450
336 598
336 645
336 697
336 710
336 764
336 767
337 639
337 766
337 878
338 351
338 468
338 563
338 583
338 655
338 942
338 997
339 354
339 470
339 530
339 614
340 386
340 405
340 475
340 609
340 711
340 737
340 857
340 876
341 503
341 519
341 551
341 592
341 729
341 745
341 857
341 991
342 379
342 520
342 592
342 702
342 720
342 725
342 757
342 759
342 795
343 672
343 681
343 686
343 854
344 419
344 477
344 656
344 774
344 855
345 396
345 446
345 501
345 505
345 572
345 692
345 705
345 713
345 856
346 349
346 392
346 414
346 628
346 700
346 704
346 721
346 741
346 869
346 892
346 913
346 973
347 379
347 426
347 478
347 603
347 631
347 635
347 785
347 989
348 461
348 771
348 812
348 825
349 457
349 486
349 676
349 840
350 417
350 607
350 914
350 950
351 413
351 514
352 527
352 553
352 607
352 911
353 360
353 565
353 618
353 632
353 693
353 709
353 771
353 923
354 357
354 368
354 437
354 453
354 526
354 574
354 631
354 653
354 747
354 771
354 944
354 984
355 373
355 441
355 516
355 684
355 815
356 381
356 385
356 453
356 562
356 650
356 775
356 800
356 905
356 916
356 960
356 979
357 380
357 415
357 461
357 499
357 525
357 683
357 777
358 378
358 579
358 621
358 788
359 398
359 420
359 440
359 475
359 508
359 511
359 581
359 626
359 636
359 649
359 650
359 674
359 741
359 967
359 992
360 396
360 402
360 469
360 481
360 484
360 524
360 703
360 775
360 784
360 840
360 846
360 863
360 910
361 441
361 498
361 612
361 747
361 751
362 439
362 486
362 652
362 681
362 718
362 777
362 817
362 938
363 705
364 395
364 398
364 567
364 581
364 608
364 630
364 645
364 918
365 606
365 914
366 566
366 657
366 796
367 406
367 448
367 546
367 561
367 914
368 424
368 448
368 473
368 561
368 701
368 751
368 769
368 873
368 883
368 933
369 759
369 797
369 916
369 972
370 463
370 479
370 516
370 722
370 778
370 848
370 988
371 422
371 472
371 504
371 522
371 597
371 771
372 373
372 383
372 428
372 430
372 502
372 559
372 568
372 654
372 958
373 470
373 473
373 506
373 596
373 843
373 891
374 382
374 435
374 475
374 515
374 572
374 986
375 417
375 496
375 526
375 597
375 882
375 902
375 997
376 401
376 460
376 516
376 564
376 661
376 664
376 682
376 863
376 877
376 987
377 506
377 510
377 565
377 598
377 690
377 902
377 991
378 470
378 650
378 692
378 894
379 402
379 591
379 593
380 492
380 529
380 842
381 438
381 547
381 760
381 799
381 928
381 958
381 963
382 428
382 458
382 545
382 548
382 719
382 910
383 412
383 723
383 729
383 769
383 836
383 845
383 879
383 931
383 943
384 444
384 492
384 506
384 642
384 776
385 450
385 486
385 506
385 762
385 775
385 986
386 438
386 589
386 626
386 879
387 489
387 516
387 651
387 701
387 702
387 722
387 734
388 436
388 523
389 473
389 532
389 681
389 835
390 476
390 591
390 727
390 882
391 406
391 539
391 722
391 943
391 956
392 403
392 421
392 494
392 568
392 589
392 714
392 762
392 874
393 408
393 483
393 650
394 499
394 637
394 767
394 797
394 984
395 403
395 556
395 768
395 865
395 893
395 921
395 991
396 549
397 472
397 514
397 522
397 865
397 938
398 459
398 492
398 712
398 770
398 911
398 970
399 753
400 486
400 518
400 688
400 702
400 806
400 861
400 866
401 593
401 928
402 462
402 544
402 566
402 650
402 709
402 754
402 846
403 422
403 461
403 533
403 587
403 737
403 926
404 450
404 463
404 521
404 650
404 702
405 429
405 532
405 590
405 746
405 818
405 879
405 976
406 464
406 549
406 642
406 647
406 730
406 740
406 764
406 812
406 823
406 826
407 464
407 495
407 621
407 799
407 933
407 974
408 809
408 815
409 410
409 537
409 578
409 628
409 715
409 811
409 909
409 974
409 997
410 612
410 617
410 665
410 798
411 549
411 648
411 710
411 742
411 820
411 908
412 477
412 651
412 986
413 503
413 736
413 810
413 841
413 929
414 562
414 584
414 920
414 963
415 550
415 576
415 715
416 491
416 525
416 797
416 886
417 637
417 671
417 685
417 794
417 822
417 852
417 870
417 897
418 969
419 460
419 507
419 542
419 592
419 741
419 751
419 782
420 431
420 543
420 578
420 592
420 604
420 828
421 424
421 500
421 566
421 580
421 946
422 527
422 580
422 584
422 622
422 806
422 821
422 859
422 906
422 972
423 427
423 629
423 809
423 969
424 577
424 716
425 990
426 605
426 868
427 449
427 453
427 779
427 846
427 882
428 508
428 563
428 791
428 925
428 982
429 442
429 621
429 878
429 954
430 514
430 569
430 706
431 649
432 446
432 493
432 628
432 801
432 842
432 865
432 907
433 501
433 916
434 487
434 569
435 457
435 477
435 538
435 591
435 797
435 997
436 457
436 870
437 627
437 701
437 774
437 995
438 483
438 850
439 514
439 590
439 704
439 751
439 765
440 471
440 500
440 606
441 468
441 488
441 617
441 736
441 943
442 606
442 673
442 683
442 741
442 967
443 484
443 550
443 708
443 867
443 997
444 509
444 607
444 620
444 691
444 719
444 795
444 866
445 696
445 761
445 920
446 455
446 481
446 632
446 654
446 670
446 682
446 684
446 711
446 748
446 769
446 772
446 896
446 916
446 984
447 463
447 563
447 629
447 674
447 738
447 814
447 921
447 939
448 500
448 501
448 764
449 472
449 503
449 612
449 645
449 678
449 909
450 545
450 560
450 582
450 719
450 767
450 953
450 956
451 688
451 819
452 468
452 577
452 591
452 731
452 784
452 861
452 984
453 479
453 577
453 755
453 860
453 883
453 903
454 575
454 607
454 727
454 746
454 864
454 946
455 478
455 589
455 661
455 663
455 722
455 784
456 468
456 474
456 497
456 511
456 520
456 558
456 632
456 641
456 687
456 692
456 775
456 822
457 523
457 540
457 594
457 636
457 834
457 873
457 911
458 726
458 766
458 770
458 785
458 957
458 988
459 498
459 548
459 576
459 735
459 771
459 799
459 840
459 848
459 871
459 882
460 488
460 798
460 982
461 544
461 560
461 630
461 675
461 742
461 748
461 753
461 774
461 818
461 891
461 971
461 990
461 992
462 516
462 564
462 639
462 750
462 964
463 509
463 645
463 659
464 495
464 659
464 687
465 564
465 679
465 799
465 918
465 952
466 496
466 580
466 623
466 827
466 833
466 864
466 938
466 974
466 999
467 501
467 601
467 647
467 674
467 907
468 906
469 539
469 550
469 572
469 586
469 764
469 801
470 482
470 567
470 685
470 900
470 991
471 477
471 552
471 580
471 676
471 738
471 849
472 538
472 564
472 600
472 849
472 995
473 494
473 518
473 679
473 896
473 953
474 547
474 665
474 700
474 721
475 626
475 741
476 754
476 763
477 615
477 843
477 887
477 896
477 939
477 948
478 610
478 681
478 715
478 906
479 627
479 955
480 560
480 574
480 700
480 706
481 551
481 717
481 908
481 936
482 523
482 547
482 634
482 717
482 752
482 779
482 949
482 954
483 495
483 591
483 600
483 810
483 860
484 827
485 518
485 638
485 659
485 681
485 713
485 739
485 779
485 780
485 832
485 862
485 941
485 953
486 719
486 793
487 522
487 815
487 945
487 973
488 613
488 665
488 736
488 996
489 510
489 655
489 995
491 539
491 561
491 671
491 684
491 699
491 712
491 830
492 715
492 801
493 526
493 549
493 550
493 623
493 901
494 610
494 621
494 907
495 605
495 609
495 649
495 794
495 990
496 556
496 567
496 577
496 664
496 903
497 596
497 851
497 859
498 544
498 711
498 852
499 640
499 642
499 659
499 946
499 950
500 631
500 841
501 513
501 537
501 705
501 714
501 866
502 615
502 629
502 737
502 738
502 819
502 843
502 859
502 864
502 926
502 930
503 504
503 645
503 664
503 703
503 812
504 530
504 661
504 712
504 749
504 755
504 913
505 510
505 771
505 856
505 903
506 517
506 525
506 601
506 608
506 691
506 805
507 780
507 789
507 845
507 940
507 983
508 591
509 545
509 637
509 706
510 745
510 802
510 813
510 963
510 966
511 620
512 619
512 647
512 674
512 720
512 954
513 641
513 753
513 846
513 889
514 540
514 558
514 797
514 866
514 917
515 524
515 543
515 648
515 775
515 806
516 530
516 778
516 807
516 922
517 585
517 776
517 908
517 993
518 556
518 558
518 658
518 740
518 837
518 934
518 981
519 548
519 563
519 575
519 740
519 744
519 800
519 988
520 656
520 666
520 673
520 841
520 979
521 557
521 750
521 752
522 717
522 906
522 919
522 922
522 956
523 920
523 949
524 546
524 597
524 598
525 635
525 660
525 762
525 773
525 919
526 736
526 767
526 833
526 948
527 635
527 815
527 826
527 885
528 610
528 768
528 850
528 924
529 576
529 698
529 712
529 729
529 841
530 699
530 703
530 736
530 783
530 883
530 986
531 663
532 772
532 827
532 838
532 920
533 544
533 575
533 646
533 791
533 892
535 537
535 619
535 620
535 660
535 768
535 815
535 998
536 547
536 606
536 637
536 651
537 843
538 654
538 671
538 900
538 960
539 568
539 651
539 664
539 925
540 618
540 628
540 908
541 738
542 559
542 718
542 726
542 949
543 873
544 896
544 912
544 957
545 584
545 845
545 857
545 999
546 909
546 993
547 557
547 805
548 604
548 846
548 894
549 616
549 823
549 937
550 801
551 594
551 604
551 685
551 770
551 887
551 913
552 574
552 608
552 638
552 710
552 844
553 574
553 640
553 958
554 967
555 561
555 572
555 730
555 763
555 980
556 627
556 786
556 803
556 832
556 855
556 984
557 781
557 895
558 606
558 649
558 658
558 662
558 664
558 675
558 770
558 786
558 829
558 884
560 683
560 811
561 703
561 736
563 653
563 847
563 962
564 803
564 837
564 876
565 666
565 914
565 944
566 571
566 609
566 683
566 757
567 715
567 720
567 980
568 650
568 901
569 624
569 730
569 756
569 848
569 876
569 936
569 966
570 708
570 800
570 869
570 881
571 603
571 792
572 659
572 733
572 810
572 898
572 921
572 977
572 997
573 934
574 682
574 817
576 643
577 594
577 856
578 703
578 772
578 894
578 981
579 597
579 656
579 812
579 862
580 764
580 790
581 834
581 975
582 746
582 783
582 851
582 930
583 868
584 760
584 854
585 657
585 709
585 712
585 893
586 658
586 659
586 776
586 847
587 595
587 629
587 656
587 693
587 808
587 820
587 825
587 886
587 888
587 930
588 692
589 752
589 821
589 858
590 782
590 988
591 683
591 697
591 764
591 782
592 729
592 743
592 824
593 628
593 676
593 748
593 758
593 872
593 892
593 952
593 961
594 644
594 673
594 719
594 740
594 781
594 784
594 788
594 848
595 682
595 785
595 922
595 951
595 958
595 966
595 982
596 635
596 677
597 740
598 668
598 740
600 618
600 659
600 697
600 756
600 964
601 903
601 905
602 626
602 785
602 958
603 647
603 648
603 806
603 883
604 718
604 816
605 644
605 894
605 936
605 978
606 693
606 695
606 732
607 716
608 694
608 696
608 860
608 941
610 680
610 704
610 810
610 823
610 858
610 919
610 992
611 625
611 680
611 716
611 821
611 837
611 838
611 977
611 997
612 670
613 622
613 702
613 887
613 941
615 795
615 831
615 932
616 655
618 727
618 919
618 948
619 746
619 790
619 905
619 968
620 886
620 966
621 635
621 642
621 643
621 720
622 672
622 688
622 725
622 807
622 850
622 883
622 970
623 648
623 697
623 847
624 732
624 934
625 743
626 678
626 732
627 694
628 723
628 759
628 992
629 746
629 786
630 667
630 671
630 733
630 758
630 808
630 835
631 744
631 793
632 741
632 923
632 972
633 974
633 983
634 846
634 872
634 890
634 968
635 672
635 705
635 860
635 905
635 924
635 947
636 678
636 734
636 769
636 873
637 751
637 769
637 878
637 889
637 964
638 728
638 849
638 940
638 947
638 951
638 957
638 980
639 811
639 819
639 966
639 986
640 779
641 684
641 725
642 675
643 740
644 714
644 884
644 962
644 982
645 709
645 969
646 655
646 736
646 746
646 958
646 972
649 656
649 676
649 730
649 890
649 991
650 724
651 879
652 670
652 937
653 654
653 661
657 715
657 802
657 827
658 686
658 811
658 841
658 872
658 890
658 939
659 678
659 793
659 831
659 922
659 961
660 677
661 865
662 698
662 777
662 800
662 823
662 855
662 858
662 860
662 869
662 906
662 907
662 961
663 713
663 715
663 731
663 854
663 896
664 788
665 983
667 715
667 863
668 774
668 779
669 747
669 766
669 913
669 983
669 999
670 835
670 989
671 704
671 901
672 744
672 787
672 802
672 851
672 887
673 989
675 761
675 773
675 984
675 993
676 998
677 732
677 734
677 773
678 680
678 845
680 690
680 711
680 755
680 818
680 979
682 737
682 992
683 862
684 697
684 904
685 871
685 974
685 999
686 688
686 699
686 762
687 794
687 824
687 953
687 981
687 994
689 783
689 829
689 927
690 695
690 698
690 719
690 913
690 949
691 731
691 860
693 724
693 789
694 837
694 884
694 966
694 993
696 734
696 753
696 794
698 956
699 716
699 755
702 795
702 967
702 970
703 875
703 913
703 915
704 834
704 933
704 936
705 721
705 820
706 955
707 819
708 784
708 807
708 875
708 907
708 919
709 966
711 713
713 809
713 938
714 789
714 860
715 803
715 842
717 767
717 814
717 817
717 923
717 938
717 946
718 746
718 868
718 968
719 754
719 794
719 800
719 850
719 899
719 955
720 738
720 803
721 884
721 904
721 928
722 891
722 980
722 985
723 763
723 774
723 998
725 816
725 978
726 745
726 921
726 963
727 975
728 789
728 835
728 962
730 787
730 854
730 984
731 768
731 798
731 844
731 885
731 983
734 821
734 841
734 880
734 921
735 759
735 779
735 816
735 850
735 881
735 918
736 826
736 832
736 887
737 873
738 764
738 794
738 923
738 957
739 852
739 866
739 921
739 956
740 861
740 944
742 772
744 827
745 788
745 790
746 826
746 943
747 803
748 980
749 855
749 984
750 761
751 759
751 948
751 984
752 917
755 900
756 821
756 888
758 970
758 971
759 826
759 850
761 852
761 919
762 942
762 959
762 973
763 899
765 777
766 960
767 924
768 892
769 800
769 828
771 828
771 919
772 868
772 910
773 889
773 972
775 787
775 898
777 986
778 815
778 869
779 817
779 855
781 825
782 993
783 979
784 864
784 874
785 803
785 890
786 838
787 791
787 849
787 894
787 922
787 970
788 821
788 891
789 837
790 835
790 856
790 930
792 885
792 918
792 938
797 856
797 862
797 959
798 980
799 858
799 922
802 920
802 969
805 814
806 899
806 929
806 997
807 857
807 980
809 936
812 838
812 903
813 824
814 902
816 995
817 844
818 843
819 875
819 893
820 825
820 989
823 932
824 942
824 950
825 858
827 873
827 973
827 998
828 998
830 892
831 919
832 981
833 888
834 997
835 892
835 912
835 944
837 886
837 922
837 990
838 943
838 986
839 842
841 854
842 885
842 904
842 962
845 878
846 851
846 950
847 934
849 884
852 866
854 879
854 932
855 872
855 897
856 957
858 911
858 961
859 971
860 874
860 975
862 917
863 938
865 925
865 942
866 992
868 869
870 952
873 874
873 920
874 901
877 1000
878 972
879 900
879 962
881 908
883 941
883 962
887 945
887 987
888 973
888 990
890 990
892 895
893 929
894 980
895 952
895 996
896 969
898 951
899 910
899 965
902 933
904 961
909 931
911 937
913 942
913 959
914 985
916 928
916 934
923 954
924 995
925 926
929 960
933 956
933 967
933 989
941 971
944 975
947 959
950 965
955 992
964 989
965 976
965 985
980 982
991 992
