500
1 11
1 16
1 36
1 52
1 67
1 68
1 73
1 93
1 137
1 219
1 241
1 307
1 362
1 365
1 370
1 385
1 403
1 433
1 453
1 456
1 463
1 496
2 11
2 26
2 30
2 36
2 52
2 68
2 73
2 84
2 86
2 104
2 181
2 241
2 251
2 295
2 307
2 370
2 433
2 451
2 453
2 456
3 23
3 37
3 155
3 194
3 208
3 210
3 215
3 272
3 322
3 329
3 355
3 366
3 368
3 380
3 389
3 398
3 400
3 401
3 402
3 432
3 437
3 484
4 35
4 72
4 78
4 105
4 134
4 153
4 182
4 183
4 199
4 211
4 233
4 234
4 265
4 269
4 282
4 337
4 338
4 384
4 396
4 404
4 423
4 441
4 443
4 457
4 472
4 473
4 488
4 493
5 72
5 117
5 145
5 153
5 172
5 182
5 183
5 227
5 230
5 233
5 256
5 270
5 292
5 404
5 414
5 423
5 438
5 446
5 467
5 468
5 473
6 14
6 23
6 40
6 51
6 71
6 76
6 95
6 98
6 112
6 155
6 163
6 179
6 210
6 240
6 272
6 290
6 316
6 319
6 335
6 345
6 352
6 361
6 366
6 368
6 390
6 393
6 400
6 479
6 484
7 24
7 44
7 57
7 63
7 96
7 97
7 103
7 127
7 145
7 149
7 172
7 220
7 285
7 310
7 332
7 356
7 373
7 376
7 378
7 420
7 438
7 495
8 18
8 47
8 77
8 83
8 101
8 107
8 109
8 122
8 151
8 157
8 195
8 200
8 215
8 263
8 278
8 283
8 289
8 293
8 320
8 324
8 342
8 387
8 405
8 428
8 460
8 483
9 19
9 48
9 56
9 62
9 91
9 136
9 180
9 214
9 221
9 223
9 238
9 239
9 245
9 248
9 261
9 277
9 298
9 325
9 372
9 386
9 392
9 470
9 474
9 489
10 32
10 38
10 69
10 108
10 118
10 171
10 173
10 188
10 297
10 330
10 334
10 341
10 353
10 354
10 383
10 418
10 427
10 429
10 450
10 462
10 466
10 478
11 16
11 26
11 30
11 36
11 52
11 67
11 68
11 73
11 181
11 219
11 241
11 307
11 365
11 370
11 385
11 433
11 451
11 453
11 456
11 463
11 496
12 22
12 53
12 80
12 85
12 121
12 124
12 164
12 167
12 187
12 190
12 198
12 242
12 294
12 327
12 339
12 360
12 415
12 454
12 481
13 50
13 89
13 100
13 118
13 119
13 129
13 150
13 196
13 201
13 203
13 331
13 334
13 341
13 416
13 425
13 450
13 459
14 18
14 23
14 51
14 76
14 77
14 109
14 112
14 144
14 151
14 155
14 176
14 179
14 195
14 240
14 266
14 272
14 279
14 293
14 316
14 324
14 342
14 345
14 352
14 369
14 387
14 390
14 400
14 428
14 442
14 479
14 484
15 29
15 70
15 110
15 114
15 126
15 167
15 186
15 246
15 296
15 301
15 312
15 327
15 336
15 348
15 407
15 411
15 414
15 452
15 461
16 36
16 67
16 68
16 73
16 93
16 137
16 140
16 184
16 241
16 262
16 307
16 362
16 365
16 370
16 385
16 403
16 433
16 453
16 456
16 463
16 476
17 64
17 90
17 142
17 305
17 367
17 410
17 492
18 76
18 77
18 109
18 144
18 151
18 176
18 195
18 240
18 266
18 278
18 283
18 289
18 293
18 313
18 318
18 324
18 342
18 381
18 387
18 428
18 442
18 484
19 27
19 48
19 64
19 90
19 91
19 142
19 180
19 214
19 221
19 223
19 239
19 245
19 248
19 252
19 277
19 305
19 325
19 351
19 367
19 372
19 386
19 392
19 410
19 470
19 474
19 489
20 89
20 119
20 133
20 143
20 146
20 150
20 154
20 165
20 196
20 201
20 244
20 255
20 314
20 358
20 395
20 397
20 425
20 477
21 28
21 46
21 49
21 61
21 63
21 79
21 96
21 169
21 189
21 191
21 213
21 216
21 243
21 281
21 303
21 346
21 373
21 406
21 413
21 434
21 448
21 498
22 39
22 124
22 128
22 170
22 187
22 190
22 257
22 294
22 360
22 379
22 412
22 415
22 422
22 481
23 40
23 51
23 77
23 109
23 155
23 163
23 176
23 179
23 210
23 240
23 272
23 316
23 322
23 329
23 335
23 345
23 352
23 355
23 366
23 368
23 389
23 390
23 393
23 400
23 432
23 479
23 484
24 41
24 43
24 44
24 57
24 60
24 97
24 102
24 103
24 127
24 132
24 147
24 149
24 220
24 237
24 274
24 285
24 310
24 332
24 340
24 356
24 376
24 378
24 399
24 420
24 485
24 495
25 43
25 102
25 106
25 111
25 115
25 123
25 138
25 141
25 197
25 259
25 264
25 276
25 302
25 315
25 436
25 494
26 30
26 36
26 52
26 68
26 73
26 84
26 86
26 104
26 181
26 241
26 251
26 295
26 370
26 433
26 451
26 453
26 456
27 64
27 81
27 142
27 168
27 223
27 239
27 305
27 351
27 359
27 372
27 386
27 392
27 410
27 447
27 474
27 482
27 486
28 46
28 57
28 61
28 63
28 158
28 169
28 189
28 191
28 192
28 216
28 225
28 281
28 300
28 308
28 333
28 346
28 373
28 413
28 430
28 434
28 448
28 497
29 292
29 296
29 301
29 332
29 336
29 343
29 348
29 356
29 378
29 407
29 414
29 440
29 446
29 461
29 467
30 36
30 52
30 68
30 73
30 86
30 104
30 181
30 241
30 251
30 295
30 370
30 433
30 451
30 453
30 456
30 496
31 42
31 83
31 107
31 122
31 157
31 207
31 263
31 299
31 317
31 328
31 483
32 38
32 69
32 100
32 108
32 118
32 173
32 188
32 297
32 330
32 331
32 334
32 341
32 353
32 354
32 418
32 427
32 429
32 450
32 462
32 478
33 41
33 43
33 87
33 102
33 103
33 115
33 123
33 132
33 147
33 197
33 237
33 247
33 258
33 264
33 302
33 306
33 350
33 399
33 424
33 436
33 485
34 45
34 50
34 75
34 119
34 125
34 143
34 161
34 196
34 201
34 203
34 244
34 255
34 267
34 283
34 287
34 304
34 313
34 318
34 324
34 349
34 381
34 397
34 416
34 442
34 490
35 54
35 72
35 98
35 117
35 134
35 153
35 183
35 199
35 233
35 234
35 269
35 337
35 384
35 406
35 408
35 423
35 443
35 457
35 468
35 472
35 473
36 67
36 68
36 73
36 86
36 93
36 137
36 139
36 181
36 184
36 241
36 251
36 307
36 362
36 365
36 370
36 385
36 403
36 433
36 453
36 456
36 463
37 174
37 177
37 208
37 322
37 329
37 355
37 380
37 398
37 402
37 419
37 431
37 432
37 437
37 465
37 475
38 45
38 50
38 69
38 113
38 118
38 125
38 129
38 131
38 161
38 171
38 188
38 226
38 267
38 268
38 304
38 330
38 331
38 334
38 349
38 371
38 374
38 375
38 377
38 409
38 416
38 418
38 427
38 450
38 487
39 65
39 74
39 124
39 128
39 152
39 170
39 198
39 217
39 218
39 257
39 260
39 294
39 326
39 344
39 360
39 379
39 412
39 417
39 422
39 426
39 481
39 491
40 51
40 71
40 78
40 95
40 163
40 178
40 179
40 194
40 205
40 210
40 271
40 272
40 286
40 319
40 322
40 335
40 345
40 366
40 368
40 389
40 393
40 400
40 401
40 432
41 44
41 60
41 87
41 103
41 120
41 132
41 147
41 156
41 159
41 220
41 232
41 237
41 247
41 249
41 253
41 258
41 274
41 310
41 311
41 332
41 347
41 350
41 378
41 388
41 399
41 424
41 495
42 55
42 83
42 107
42 122
42 133
42 146
42 154
42 157
42 207
42 263
42 278
42 287
42 299
42 317
42 328
42 405
42 435
42 444
42 460
43 102
43 106
43 111
43 115
43 123
43 132
43 138
43 141
43 147
43 149
43 197
43 237
43 247
43 264
43 276
43 302
43 315
43 340
43 399
43 424
43 436
43 485
44 60
44 103
44 127
44 145
44 149
44 220
44 274
44 285
44 310
44 332
44 343
44 347
44 356
44 376
44 378
44 438
44 446
44 495
45 75
45 76
45 113
45 125
45 130
45 131
45 144
45 161
45 209
45 228
45 266
45 267
45 268
45 275
45 279
45 304
45 313
45 318
45 331
45 349
45 369
45 371
45 374
45 375
45 381
45 416
45 418
45 442
45 487
46 49
46 61
46 63
46 79
46 96
46 158
46 169
46 189
46 191
46 192
46 213
46 216
46 225
46 243
46 281
46 300
46 333
46 346
46 373
46 413
46 434
46 448
46 497
47 77
47 83
47 101
47 109
47 151
47 157
47 174
47 177
47 200
47 215
47 263
47 320
47 342
47 428
47 475
47 483
48 56
48 62
48 64
48 91
48 136
48 180
48 214
48 221
48 223
48 238
48 239
48 245
48 248
48 252
48 261
48 277
48 298
48 325
48 386
48 392
48 410
48 470
48 480
48 489
49 79
49 94
49 113
49 169
49 171
49 189
49 213
49 226
49 229
49 231
49 243
49 268
49 281
49 291
49 303
49 346
49 353
49 374
49 377
49 383
49 391
49 394
49 409
49 413
49 434
49 498
50 75
50 89
50 118
50 119
50 125
50 129
50 131
50 143
50 150
50 161
50 196
50 201
50 203
50 244
50 267
50 304
50 331
50 416
50 418
50 425
50 450
50 459
50 487
51 71
51 76
51 95
51 112
51 155
51 163
51 176
51 179
51 210
51 240
51 272
51 279
51 316
51 319
51 335
51 345
51 352
51 361
51 366
51 368
51 390
51 393
51 400
51 479
51 484
52 73
52 181
52 219
52 241
52 370
52 385
52 433
52 451
52 456
52 496
53 65
53 85
53 124
53 164
53 167
53 185
53 187
53 198
53 217
53 242
53 296
53 327
53 336
53 339
53 360
53 415
53 426
53 440
53 454
53 461
53 481
53 500
54 72
54 94
54 98
54 160
54 189
54 199
54 212
54 229
54 231
54 234
54 243
54 269
54 290
54 291
54 303
54 323
54 337
54 361
54 391
54 406
54 408
54 423
54 434
54 498
55 122
55 133
55 146
55 154
55 207
55 299
55 317
55 328
55 358
55 395
55 435
55 444
56 62
56 91
56 136
56 180
56 214
56 221
56 238
56 248
56 252
56 261
56 277
56 298
56 325
56 470
56 480
56 489
57 61
57 63
57 96
57 97
57 106
57 141
57 145
57 147
57 149
57 169
57 192
57 276
57 285
57 340
57 373
57 413
57 420
57 430
57 448
57 485
58 92
58 99
58 136
58 166
58 193
58 194
58 206
58 208
58 221
58 236
58 245
58 288
58 321
58 359
58 372
58 431
58 437
58 465
58 469
58 471
59 78
59 81
59 134
59 168
59 178
59 204
59 211
59 265
59 282
59 286
59 338
59 384
59 396
59 441
59 471
59 482
59 486
59 493
60 103
60 120
60 127
60 132
60 147
60 149
60 156
60 220
60 232
60 237
60 258
60 274
60 310
60 332
60 343
60 347
60 356
60 376
60 378
60 388
60 495
61 63
61 96
61 97
61 158
61 169
61 189
61 191
61 192
61 216
61 225
61 243
61 281
61 300
61 346
61 373
61 413
61 430
61 434
61 448
62 91
62 136
62 180
62 193
62 214
62 221
62 223
62 238
62 239
62 245
62 248
62 261
62 277
62 298
62 325
62 372
62 392
62 474
62 489
63 96
63 97
63 145
63 169
63 172
63 189
63 192
63 216
63 243
63 285
63 346
63 373
63 413
63 420
63 434
63 448
64 90
64 91
64 142
64 180
64 223
64 239
64 305
64 351
64 367
64 386
64 392
64 410
64 474
65 85
65 120
65 124
65 156
65 164
65 185
65 187
65 198
65 217
65 257
65 296
65 336
65 347
65 360
65 415
65 417
65 426
65 440
65 481
65 500
66 105
66 110
66 116
66 126
66 182
66 186
66 224
66 227
66 230
66 270
66 284
66 301
66 312
66 363
66 396
66 404
66 439
66 449
66 452
66 458
66 488
67 68
67 93
67 137
67 140
67 362
67 365
67 370
67 385
67 403
67 463
67 476
68 73
68 86
68 93
68 137
68 181
68 184
68 241
68 307
68 362
68 365
68 370
68 385
68 403
68 433
68 453
68 456
68 463
69 79
69 108
69 171
69 173
69 188
69 213
69 226
69 297
69 330
69 333
69 334
69 353
69 354
69 377
69 383
69 409
69 418
69 427
69 462
69 466
69 478
70 80
70 85
70 110
70 114
70 121
70 126
70 167
70 235
70 242
70 246
70 284
70 309
70 327
70 339
70 348
70 382
70 411
70 445
70 454
70 461
71 78
71 95
71 163
71 178
71 194
71 205
71 210
71 271
71 286
71 319
71 322
71 335
71 338
71 345
71 366
71 368
71 389
71 393
71 400
71 401
72 117
72 153
72 183
72 199
72 233
72 234
72 256
72 269
72 337
72 384
72 406
72 408
72 423
72 443
72 457
72 468
72 472
72 473
72 498
73 181
73 219
73 241
73 251
73 295
73 365
73 370
73 385
73 433
73 451
73 453
73 456
73 496
74 120
74 152
74 156
74 159
74 217
74 218
74 232
74 249
74 253
74 257
74 260
74 311
74 326
74 344
74 347
74 350
74 388
74 417
74 426
74 491
75 89
75 119
75 125
75 129
75 131
75 143
75 161
75 196
75 201
75 203
75 244
75 267
75 304
75 313
75 318
75 324
75 331
75 349
75 381
75 416
75 442
75 487
75 490
76 112
76 130
76 144
76 176
76 179
76 195
76 209
76 228
76 229
76 240
76 266
76 275
76 279
76 293
76 313
76 316
76 345
76 349
76 352
76 361
76 369
76 375
76 390
76 442
76 479
77 101
77 109
77 144
77 151
77 155
77 176
77 195
77 200
77 215
77 240
77 272
77 289
77 293
77 316
77 320
77 329
77 342
77 387
77 400
77 428
77 484
78 81
78 95
78 134
78 178
78 204
78 205
78 211
78 265
78 271
78 282
78 286
78 319
78 338
78 384
78 393
78 441
78 443
78 457
78 472
78 493
79 113
79 158
79 171
79 173
79 191
79 213
79 216
79 226
79 281
79 333
79 346
79 353
79 377
79 383
79 394
79 409
80 85
80 114
80 121
80 167
80 242
80 246
80 327
80 339
80 382
80 411
80 445
80 454
81 166
81 168
81 193
81 204
81 265
81 282
81 351
81 359
81 372
81 447
81 471
81 474
81 482
81 486
81 493
82 110
82 222
82 235
82 280
82 284
82 309
82 363
82 449
82 492
82 499
83 107
83 122
83 157
83 200
83 263
83 278
83 289
83 328
83 405
83 460
83 483
84 104
84 181
84 202
84 251
84 259
84 295
84 315
84 364
84 494
85 114
85 121
85 124
85 164
85 167
85 185
85 187
85 198
85 217
85 242
85 296
85 327
85 339
85 348
85 360
85 415
85 440
85 454
85 461
85 481
85 500
86 137
86 139
86 181
86 202
86 241
86 251
86 295
86 307
86 357
86 364
86 403
86 453
86 455
86 456
87 132
87 156
87 159
87 232
87 237
87 247
87 249
87 253
87 258
87 264
87 302
87 306
87 311
87 350
87 388
87 399
87 424
88 105
88 116
88 168
88 280
88 363
88 396
88 447
88 449
88 458
88 486
88 492
88 499
89 118
89 119
89 125
89 129
89 143
89 150
89 165
89 196
89 201
89 203
89 244
89 267
89 314
89 416
89 425
89 459
89 477
90 91
90 142
90 180
90 239
90 305
90 351
90 367
90 386
90 392
90 410
91 136
91 180
91 214
91 221
91 223
91 238
91 239
91 245
91 248
91 252
91 261
91 277
91 298
91 325
91 367
91 386
91 392
91 410
91 470
91 480
91 489
92 99
92 206
92 208
92 236
92 288
92 321
92 398
92 419
92 431
92 437
92 465
92 469
93 137
93 139
93 140
93 175
93 184
93 250
93 262
93 307
93 362
93 365
93 385
93 403
93 463
93 476
94 160
94 189
94 212
94 229
94 231
94 243
94 290
94 291
94 303
94 323
94 361
94 391
94 394
94 406
94 408
94 434
94 498
95 98
95 134
95 163
95 178
95 179
95 205
95 210
95 271
95 286
95 319
95 335
95 338
95 345
95 366
95 368
95 389
95 393
95 401
96 97
96 117
96 145
96 169
96 172
96 189
96 243
96 256
96 285
96 373
96 406
96 413
96 434
96 448
96 498
97 127
97 145
97 147
97 149
97 172
97 220
97 276
97 285
97 340
97 373
97 376
97 420
97 438
97 448
97 485
97 495
98 112
98 160
98 163
98 199
98 212
98 231
98 269
98 286
98 290
98 291
98 319
98 323
98 335
98 337
98 345
98 361
98 391
98 393
98 408
98 457
98 472
99 166
99 193
99 194
99 204
99 205
99 206
99 208
99 236
99 271
99 288
99 322
99 355
99 389
99 401
99 431
99 432
99 437
99 465
99 469
99 471
100 118
100 129
100 203
100 334
100 341
100 425
100 427
100 429
100 450
100 459
100 478
101 109
101 151
101 174
101 177
101 200
101 215
101 320
101 342
101 387
101 402
101 428
101 475
101 483
101 484
102 106
102 111
102 115
102 123
102 132
102 138
102 141
102 147
102 149
102 197
102 237
102 247
102 264
102 276
102 302
102 315
102 340
102 399
102 424
102 436
102 485
103 127
103 132
103 147
103 149
103 220
103 237
103 247
103 258
103 274
103 285
103 310
103 332
103 356
103 376
103 378
103 399
103 420
103 485
103 495
104 181
104 202
104 251
104 259
104 295
104 315
104 364
104 451
104 494
105 116
105 182
105 211
105 224
105 230
105 265
105 312
105 363
105 396
105 404
105 439
105 441
105 449
105 452
105 458
105 486
105 488
106 111
106 115
106 123
106 138
106 141
106 147
106 149
106 197
106 254
106 276
106 308
106 315
106 340
106 420
106 430
106 485
106 494
107 122
107 146
107 151
107 157
107 200
107 207
107 263
107 278
107 283
107 287
107 289
107 299
107 328
107 397
107 405
107 435
107 460
108 148
108 173
108 188
108 297
108 334
108 341
108 353
108 354
108 427
108 429
108 450
108 462
108 466
108 478
109 151
109 155
109 174
109 176
109 177
109 195
109 200
109 215
109 240
109 272
109 293
109 320
109 329
109 342
109 387
109 402
109 428
109 475
109 484
110 126
110 186
110 224
110 235
110 246
110 284
110 301
110 309
110 312
110 348
110 363
110 382
110 407
110 411
110 439
110 445
110 452
111 115
111 123
111 138
111 141
111 197
111 247
111 254
111 259
111 264
111 276
111 302
111 315
111 399
111 436
111 485
111 494
112 130
112 160
112 163
112 179
112 209
112 212
112 228
112 229
112 240
112 275
112 279
112 290
112 291
112 316
112 335
112 345
112 352
112 361
112 369
112 390
112 391
112 393
112 400
112 479
113 130
113 131
113 161
113 171
113 209
113 213
113 226
113 228
113 229
113 268
113 275
113 330
113 331
113 349
113 353
113 371
113 374
113 375
113 377
113 383
113 391
113 394
113 409
113 418
113 487
114 121
114 126
114 167
114 242
114 246
114 296
114 327
114 339
114 348
114 382
114 411
114 445
114 454
114 461
115 123
115 132
115 138
115 141
115 147
115 197
115 247
115 264
115 276
115 302
115 315
115 399
115 436
115 485
115 494
116 168
116 224
116 280
116 363
116 396
116 439
116 447
116 449
116 458
116 486
116 488
116 492
116 499
117 145
117 153
117 172
117 183
117 233
117 234
117 243
117 256
117 292
117 406
117 423
117 438
117 468
117 473
117 498
118 125
118 129
118 131
118 161
118 188
118 203
118 330
118 331
118 334
118 341
118 416
118 418
118 425
118 427
118 450
118 459
118 462
118 478
118 487
119 125
119 129
119 143
119 150
119 161
119 165
119 196
119 201
119 203
119 244
119 255
119 267
119 314
119 318
119 397
119 416
119 425
119 477
119 490
120 152
120 156
120 159
120 185
120 217
120 232
120 249
120 253
120 258
120 274
120 311
120 326
120 344
120 347
120 350
120 388
120 417
120 426
120 500
121 126
121 164
121 167
121 187
121 242
121 246
121 296
121 327
121 339
121 348
121 382
121 411
121 445
121 454
121 461
122 133
122 146
122 157
122 207
122 255
122 263
122 278
122 283
122 287
122 289
122 299
122 328
122 397
122 405
122 435
122 444
122 460
122 490
123 132
123 138
123 141
123 147
123 197
123 247
123 264
123 276
123 302
123 315
123 399
123 436
123 485
123 494
124 128
124 164
124 170
124 185
124 187
124 198
124 217
124 257
124 294
124 360
124 379
124 415
124 417
124 422
124 426
124 440
124 481
124 500
125 129
125 131
125 143
125 161
125 196
125 201
125 203
125 244
125 267
125 304
125 313
125 318
125 330
125 331
125 349
125 371
125 381
125 416
125 418
125 425
125 487
125 490
126 167
126 186
126 235
126 246
126 284
126 301
126 309
126 312
126 327
126 339
126 348
126 363
126 382
126 407
126 411
126 439
126 445
126 452
126 461
127 145
127 149
127 172
127 220
127 285
127 310
127 332
127 343
127 356
127 376
127 378
127 420
127 438
127 446
127 495
128 170
128 190
128 218
128 257
128 294
128 379
128 412
128 422
128 481
129 131
129 143
129 150
129 161
129 196
129 201
129 203
129 267
129 304
129 331
129 341
129 416
129 418
129 425
129 450
129 459
129 487
130 209
130 212
130 228
130 229
130 266
130 268
130 275
130 279
130 304
130 313
130 349
130 361
130 369
130 371
130 374
130 375
130 390
130 391
130 442
130 479
131 161
131 203
131 267
131 304
131 313
131 330
131 331
131 349
131 371
131 377
131 416
131 418
131 450
131 487
132 147
132 149
132 197
132 237
132 247
132 258
132 264
132 302
132 306
132 350
132 399
132 424
132 436
132 485
133 146
133 154
133 165
133 207
133 255
133 287
133 299
133 314
133 358
133 395
133 397
133 435
133 444
133 460
133 477
134 178
134 199
134 211
134 265
134 269
134 282
134 286
134 319
134 337
134 338
134 384
134 441
134 443
134 457
134 472
134 493
135 175
135 421
135 429
135 464
136 180
136 193
136 214
136 221
136 223
136 238
136 239
136 245
136 248
136 261
136 277
136 298
136 325
136 359
136 372
136 392
136 474
136 489
137 139
137 140
137 184
137 241
137 250
137 262
137 273
137 307
137 362
137 365
137 385
137 403
137 453
137 456
137 463
137 476
138 141
138 197
138 254
138 259
138 276
138 315
138 340
138 436
138 485
138 494
139 148
139 162
139 184
139 225
139 250
139 262
139 273
139 307
139 362
139 403
139 466
139 497
140 175
140 184
140 262
140 362
140 365
140 403
140 421
140 463
140 464
140 476
141 147
141 149
141 197
141 254
141 276
141 315
141 340
141 399
141 420
141 430
141 485
141 494
142 168
142 305
142 351
142 367
142 386
142 410
142 447
142 482
142 492
143 150
143 161
143 165
143 196
143 201
143 203
143 244
143 255
143 267
143 287
143 304
143 313
143 314
143 318
143 381
143 397
143 416
143 425
143 477
143 490
144 151
144 176
144 195
144 240
144 266
144 279
144 293
144 304
144 313
144 316
144 318
144 324
144 342
144 349
144 369
144 381
144 387
144 390
144 442
144 479
144 484
145 172
145 220
145 256
145 285
145 292
145 356
145 373
145 376
145 378
145 420
145 438
145 446
145 495
146 154
146 165
146 207
146 244
146 255
146 278
146 283
146 287
146 299
146 358
146 395
146 397
146 405
146 435
146 444
146 460
146 477
146 490
147 149
147 197
147 220
147 237
147 247
147 264
147 276
147 285
147 310
147 340
147 399
147 420
147 485
147 495
148 158
148 162
148 173
148 184
148 191
148 225
148 250
148 262
148 273
148 297
148 333
148 403
148 466
148 497
149 220
149 237
149 247
149 276
149 285
149 310
149 340
149 376
149 399
149 420
149 485
149 495
150 165
150 196
150 201
150 203
150 244
150 255
150 267
150 314
150 416
150 425
150 459
150 477
151 157
151 176
151 195
151 200
151 215
151 266
151 278
151 283
151 289
151 293
151 324
151 342
151 387
151 405
151 428
151 442
151 460
152 159
152 218
152 249
152 253
152 257
152 260
152 311
152 326
152 344
152 417
152 422
152 491
153 182
153 183
153 199
153 233
153 234
153 256
153 269
153 337
153 384
153 404
153 406
153 408
153 423
153 443
153 457
153 468
153 472
153 473
154 165
154 207
154 255
154 299
154 314
154 317
154 358
154 395
154 435
154 444
154 477
155 179
155 194
155 210
155 215
155 240
155 272
155 316
155 322
155 329
155 352
155 355
155 366
155 368
155 380
155 389
155 400
155 402
155 432
155 484
156 159
156 185
156 232
156 237
156 249
156 253
156 258
156 274
156 310
156 311
156 326
156 332
156 344
156 347
156 350
156 388
156 417
156 426
156 500
157 200
157 207
157 263
157 278
157 283
157 287
157 289
157 328
157 405
157 460
157 483
158 162
158 169
158 173
158 191
158 192
158 213
158 216
158 225
158 273
158 281
158 300
158 333
158 346
158 353
158 383
158 466
158 497
159 232
159 237
159 249
159 253
159 258
159 306
159 311
159 326
159 344
159 350
159 388
159 424
160 199
160 212
160 229
160 231
160 269
160 290
160 291
160 303
160 323
160 337
160 361
160 391
160 408
160 498
161 203
161 267
161 304
161 313
161 330
161 331
161 349
161 371
161 375
161 381
161 416
161 418
161 487
162 173
162 184
162 191
162 192
162 225
162 250
162 273
162 300
162 308
162 333
162 357
162 455
162 466
162 497
163 178
163 179
163 210
163 212
163 286
163 290
163 316
163 319
163 335
163 345
163 352
163 361
163 366
163 368
163 390
163 393
163 400
163 479
164 167
164 170
164 185
164 187
164 198
164 217
164 242
164 257
164 294
164 296
164 327
164 339
164 360
164 415
164 426
164 440
164 454
164 481
164 500
165 196
165 201
165 244
165 255
165 287
165 314
165 358
165 395
165 397
165 435
165 444
165 460
165 477
165 490
166 193
166 204
166 206
166 245
166 359
166 372
166 401
166 469
166 471
166 474
167 187
167 242
167 246
167 296
167 327
167 339
167 348
167 360
167 382
167 411
167 415
167 440
167 454
167 461
168 265
168 305
168 351
168 396
168 441
168 447
168 449
168 482
168 486
168 493
168 499
169 189
169 191
169 192
169 216
169 225
169 243
169 281
169 300
169 346
169 373
169 413
169 434
169 448
170 187
170 190
170 198
170 217
170 218
170 257
170 260
170 294
170 360
170 379
170 412
170 415
170 422
170 481
170 491
171 173
171 188
171 213
171 226
171 268
171 281
171 330
171 333
171 346
171 353
171 354
171 371
171 374
171 377
171 383
171 394
171 409
171 418
172 243
172 256
172 285
172 292
172 356
172 373
172 376
172 406
172 438
172 468
173 188
173 191
173 213
173 225
173 226
173 273
173 281
173 297
173 333
173 353
173 354
173 383
173 462
173 466
173 497
174 177
174 215
174 320
174 329
174 402
174 428
174 475
175 184
175 262
175 362
175 421
175 464
175 476
176 179
176 195
176 240
176 266
176 279
176 293
176 316
176 324
176 342
176 352
176 369
176 387
176 390
176 400
176 428
176 442
176 479
176 484
177 215
177 320
177 329
177 402
177 428
177 475
178 194
178 204
178 205
178 210
178 271
178 282
178 286
178 319
178 335
178 338
178 366
178 389
178 393
178 401
178 493
179 210
179 240
179 272
179 279
179 290
179 316
179 319
179 335
179 345
179 352
179 361
179 366
179 368
179 369
179 390
179 393
179 400
179 479
179 484
180 214
180 221
180 223
180 238
180 239
180 245
180 248
180 252
180 261
180 277
180 298
180 305
180 325
180 351
180 367
180 372
180 386
180 392
180 410
180 470
180 474
180 480
180 489
181 241
181 251
181 295
181 370
181 433
181 451
181 453
181 456
182 183
182 186
182 211
182 224
182 227
182 230
182 233
182 234
182 270
182 292
182 312
182 384
182 404
182 423
182 439
182 443
182 452
182 458
182 468
182 473
182 488
183 199
183 211
183 227
183 230
183 233
183 234
183 256
183 269
183 270
183 337
183 384
183 404
183 423
183 443
183 457
183 468
183 472
183 473
183 488
184 250
184 262
184 273
184 307
184 362
184 403
184 463
184 466
184 476
185 187
185 198
185 217
185 232
185 257
185 274
185 296
185 336
185 347
185 360
185 415
185 417
185 426
185 440
185 481
185 500
186 224
186 227
186 230
186 270
186 301
186 312
186 348
186 363
186 404
186 407
186 414
186 439
186 452
186 461
186 467
187 198
187 217
187 242
187 257
187 294
187 327
187 339
187 360
187 415
187 426
187 440
187 454
187 481
187 500
188 297
188 330
188 331
188 334
188 341
188 353
188 354
188 371
188 377
188 383
188 418
188 427
188 429
188 450
188 462
188 478
188 487
189 213
189 216
189 243
189 281
189 303
189 346
189 373
189 406
189 413
189 434
189 448
189 498
190 294
190 379
190 412
190 422
190 481
191 192
191 213
191 216
191 225
191 273
191 281
191 300
191 308
191 333
191 346
191 383
191 413
191 448
191 466
191 497
192 216
192 225
192 254
192 276
192 300
192 308
192 373
192 413
192 430
192 448
192 455
192 497
193 204
193 214
193 221
193 223
193 245
193 298
193 359
193 372
193 386
193 392
193 471
193 474
193 482
194 205
194 206
194 208
194 210
194 271
194 272
194 322
194 329
194 355
194 366
194 368
194 380
194 389
194 398
194 401
194 431
194 432
194 437
194 465
194 469
195 240
195 266
195 278
195 283
195 289
195 293
195 313
195 318
195 324
195 342
195 381
195 387
195 428
195 442
195 484
195 490
196 201
196 203
196 244
196 255
196 267
196 314
196 318
196 397
196 416
196 425
196 477
196 490
197 247
197 259
197 264
197 276
197 302
197 315
197 399
197 436
197 485
197 494
198 217
198 257
198 294
198 360
198 415
198 417
198 426
198 440
198 481
198 500
199 231
199 233
199 234
199 269
199 290
199 323
199 337
199 338
199 384
199 406
199 408
199 423
199 443
199 457
199 468
199 472
199 473
200 215
200 263
200 278
200 289
200 320
200 342
200 387
200 428
200 483
201 203
201 244
201 255
201 267
201 314
201 318
201 397
201 416
201 425
201 477
201 490
202 251
202 254
202 259
202 295
202 300
202 308
202 357
202 364
202 430
202 453
202 455
202 494
203 244
203 267
203 331
203 416
203 425
203 450
203 459
203 487
204 205
204 265
204 271
204 282
204 359
204 372
204 471
204 482
204 486
204 493
205 210
205 271
205 286
205 319
205 322
205 335
205 355
205 366
205 368
205 389
205 393
205 401
205 432
206 208
206 236
206 288
206 321
206 419
206 431
206 437
206 465
206 469
207 255
207 263
207 278
207 287
207 299
207 317
207 328
207 358
207 395
207 397
207 405
207 435
207 444
207 460
208 210
208 236
208 288
208 321
208 322
208 355
208 380
208 389
208 398
208 401
208 419
208 431
208 432
208 437
208 465
208 469
209 212
209 228
209 229
209 266
209 268
209 275
209 279
209 291
209 304
209 313
209 349
209 361
209 369
209 371
209 374
209 375
209 390
209 391
209 409
209 479
210 271
210 272
210 319
210 322
210 329
210 335
210 345
210 355
210 366
210 368
210 380
210 389
210 393
210 400
210 401
210 432
210 484
211 230
211 265
211 282
211 338
211 384
211 396
211 404
211 441
211 443
211 457
211 458
211 472
211 473
211 486
211 488
211 493
212 228
212 229
212 231
212 269
212 275
212 279
212 290
212 291
212 303
212 323
212 345
212 361
212 369
212 375
212 391
212 408
213 226
213 268
213 281
213 303
213 330
213 333
213 346
213 353
213 371
213 374
213 377
213 383
213 394
213 409
213 434
214 221
214 223
214 238
214 239
214 245
214 248
214 261
214 277
214 298
214 325
214 359
214 372
214 386
214 392
214 474
214 489
215 272
215 320
215 329
215 342
215 387
215 402
215 428
215 475
215 484
216 225
216 281
216 300
216 308
216 333
216 346
216 373
216 413
216 430
216 448
216 497
217 218
217 257
217 260
217 294
217 344
217 360
217 415
217 417
217 422
217 426
217 440
217 481
217 491
217 500
218 257
218 260
218 294
218 326
218 344
218 379
218 412
218 417
218 422
218 491
219 365
219 370
219 385
219 433
219 496
220 274
220 285
220 310
220 332
220 343
220 356
220 376
220 378
220 420
220 438
220 495
221 223
221 238
221 239
221 245
221 248
221 261
221 277
221 298
221 325
221 359
221 372
221 386
221 392
221 474
221 489
222 235
222 280
222 284
222 309
222 499
223 239
223 245
223 248
223 261
223 277
223 298
223 305
223 325
223 351
223 359
223 372
223 386
223 392
223 410
223 474
223 482
223 489
224 227
224 230
224 270
224 301
224 312
224 363
224 396
224 404
224 439
224 449
224 452
224 458
224 488
225 273
225 281
225 300
225 308
225 333
225 430
225 455
225 466
225 497
226 229
226 268
226 281
226 303
226 330
226 346
226 353
226 371
226 374
226 377
226 383
226 394
226 409
226 418
227 230
227 233
227 256
227 270
227 292
227 301
227 312
227 404
227 407
227 414
227 439
227 446
227 452
227 467
227 473
228 229
228 268
228 275
228 279
228 291
228 349
228 361
228 369
228 371
228 374
228 375
228 377
228 391
228 394
228 409
229 231
229 268
229 275
229 279
229 290
229 291
229 303
229 323
229 349
229 361
229 369
229 371
229 374
229 375
229 377
229 391
229 394
229 409
230 270
230 301
230 312
230 363
230 396
230 404
230 407
230 439
230 452
230 458
230 488
231 243
231 269
231 290
231 291
231 303
231 323
231 361
231 391
231 394
231 406
231 408
231 434
231 498
232 237
232 249
232 253
232 258
232 274
232 311
232 326
232 344
232 347
232 350
232 388
232 417
232 426
232 500
233 234
233 256
233 269
233 337
233 384
233 404
233 423
233 443
233 457
233 468
233 472
233 473
234 256
234 269
234 337
234 384
234 404
234 406
234 408
234 423
234 443
234 457
234 468
234 472
234 473
235 246
235 284
235 309
235 382
235 411
235 445
236 288
236 321
236 419
236 431
236 437
236 465
236 469
237 247
237 253
237 258
237 264
237 274
237 302
237 306
237 310
237 350
237 388
237 399
237 424
237 485
238 239
238 248
238 252
238 261
238 277
238 298
238 325
238 470
238 480
238 489
239 245
239 248
239 252
239 261
239 277
239 298
239 305
239 325
239 351
239 359
239 372
239 386
239 392
239 410
239 470
239 474
239 489
240 266
240 272
240 279
240 293
240 316
240 335
240 342
240 345
240 352
240 366
240 369
240 387
240 390
240 400
240 428
240 442
240 479
240 484
241 251
241 295
241 307
241 365
241 370
241 385
241 403
241 433
241 451
241 453
241 456
241 463
242 246
242 327
242 339
242 360
242 382
242 411
242 415
242 454
242 481
243 281
243 303
243 346
243 373
243 406
243 413
243 434
243 448
243 498
244 255
244 267
244 278
244 283
244 287
244 304
244 313
244 318
244 324
244 381
244 397
244 405
244 425
244 442
244 460
244 490
245 248
245 261
245 277
245 298
245 325
245 351
245 359
245 372
245 386
245 392
245 471
245 474
245 489
246 284
246 309
246 327
246 339
246 348
246 382
246 411
246 445
246 454
246 461
247 258
247 264
247 302
247 306
247 350
247 399
247 424
247 436
247 485
248 261
248 277
248 298
248 325
248 372
248 386
248 392
248 470
248 474
248 489
249 253
249 258
249 274
249 311
249 326
249 344
249 347
249 350
249 388
249 417
249 426
249 491
250 262
250 273
250 297
250 307
250 362
250 403
250 466
250 476
251 259
251 295
251 357
251 364
251 370
251 451
251 453
251 455
251 456
252 277
252 325
252 470
252 480
252 489
253 258
253 274
253 311
253 326
253 344
253 347
253 350
253 388
253 417
253 426
254 259
254 276
254 300
254 308
254 315
254 340
254 357
254 364
254 430
254 455
254 494
255 283
255 287
255 314
255 318
255 358
255 395
255 397
255 405
255 435
255 444
255 460
255 477
255 490
256 270
256 292
256 406
256 423
256 438
256 446
256 467
256 468
256 473
257 260
257 294
257 344
257 360
257 379
257 412
257 415
257 417
257 422
257 426
257 481
257 491
257 500
258 264
258 274
258 302
258 306
258 311
258 350
258 388
258 399
258 424
259 295
259 315
259 357
259 364
259 455
259 494
260 294
260 326
260 344
260 412
260 417
260 422
260 491
261 277
261 298
261 325
261 392
261 489
262 273
262 307
262 362
262 403
262 421
262 463
262 464
262 476
263 278
263 289
263 328
263 405
263 460
263 483
264 302
264 306
264 399
264 424
264 436
265 282
265 286
265 338
265 384
265 396
265 441
265 443
265 447
265 457
265 472
265 486
265 488
265 493
266 275
266 279
266 293
266 304
266 313
266 316
266 324
266 349
266 352
266 369
266 375
266 381
266 387
266 390
266 442
266 479
267 304
267 313
267 318
267 331
267 349
267 381
267 416
267 418
267 425
267 442
267 487
267 490
268 275
268 291
268 330
268 349
268 371
268 374
268 375
268 377
268 383
268 391
268 394
268 409
268 418
268 487
269 286
269 290
269 323
269 337
269 338
269 384
269 408
269 423
269 443
269 457
269 468
269 472
269 473
270 292
270 301
270 312
270 404
270 407
270 414
270 439
270 446
270 452
270 467
271 286
271 319
271 322
271 335
271 355
271 366
271 368
271 389
271 393
271 401
271 432
272 316
272 322
272 329
272 352
272 355
272 366
272 368
272 380
272 389
272 400
272 402
272 432
272 484
273 297
273 307
273 333
273 403
273 466
273 497
274 310
274 311
274 332
274 343
274 347
274 356
274 378
274 388
274 426
274 495
274 500
275 279
275 291
275 304
275 313
275 349
275 361
275 369
275 371
275 374
275 375
275 377
275 391
275 394
275 409
275 487
276 308
276 315
276 340
276 420
276 430
276 485
276 494
277 298
277 325
277 386
277 392
277 470
277 480
277 489
278 283
278 287
278 289
278 318
278 324
278 328
278 397
278 405
278 460
278 490
279 290
279 291
279 313
279 316
279 345
279 349
279 352
279 361
279 369
279 374
279 375
279 390
279 391
279 442
279 479
280 284
280 363
280 449
280 492
280 499
281 303
281 333
281 346
281 353
281 373
281 383
281 394
281 413
281 434
281 448
282 286
282 338
282 384
282 396
282 441
282 443
282 457
282 472
282 486
282 488
282 493
283 287
283 289
283 318
283 324
283 381
283 397
283 405
283 442
283 460
283 490
284 309
284 312
284 363
284 382
284 411
284 439
284 445
285 340
285 356
285 373
285 376
285 378
285 420
285 438
285 485
285 495
286 319
286 335
286 337
286 338
286 384
286 393
286 443
286 457
286 472
286 493
287 289
287 318
287 324
287 397
287 405
287 435
287 460
287 490
288 321
288 419
288 431
288 437
288 465
288 469
289 293
289 324
289 342
289 387
289 405
289 428
289 460
289 490
290 291
290 323
290 335
290 337
290 345
290 361
290 390
290 391
290 408
291 303
291 323
291 361
291 374
291 375
291 391
291 394
291 408
291 498
292 343
292 356
292 378
292 404
292 407
292 414
292 438
292 446
292 452
292 467
292 468
293 316
293 324
293 342
293 352
293 387
293 390
293 428
293 442
293 479
293 484
294 360
294 379
294 412
294 415
294 417
294 422
294 481
294 491
295 357
295 364
295 451
295 453
295 456
296 301
296 327
296 336
296 339
296 343
296 348
296 407
296 414
296 440
296 454
296 461
296 500
297 333
297 334
297 353
297 354
297 427
297 429
297 462
297 466
297 478
298 325
298 372
298 392
298 489
299 317
299 328
299 358
299 395
299 435
299 444
299 460
300 308
300 333
300 357
300 364
300 430
300 448
300 455
300 497
301 312
301 348
301 407
301 414
301 439
301 452
301 461
301 467
302 306
302 399
302 424
302 436
303 323
303 346
303 374
303 391
303 394
303 406
303 409
303 413
303 434
303 498
304 313
304 318
304 324
304 331
304 349
304 369
304 371
304 375
304 381
304 416
304 418
304 442
304 487
304 490
305 351
305 359
305 367
305 372
305 386
305 392
305 410
305 447
305 474
305 482
306 350
306 399
306 424
306 436
307 362
307 365
307 370
307 403
307 453
307 456
307 463
308 357
308 364
308 430
308 455
308 497
309 382
309 411
309 445
310 332
310 343
310 347
310 356
310 376
310 378
310 438
310 495
311 326
311 344
311 347
311 350
311 388
311 417
311 426
311 491
312 363
312 396
312 404
312 407
312 439
312 452
312 458
312 488
313 318
313 324
313 349
313 369
313 375
313 381
313 416
313 442
313 487
313 490
314 358
314 395
314 425
314 477
315 436
315 494
316 335
316 345
316 352
316 361
316 366
316 368
316 369
316 390
316 393
316 400
316 479
316 484
317 328
317 435
317 444
318 324
318 349
318 381
318 397
318 405
318 416
318 442
318 460
318 490
319 335
319 338
319 345
319 366
319 368
319 389
319 393
319 400
319 401
320 342
320 387
320 402
320 428
320 475
320 483
321 419
321 431
321 437
321 465
321 469
322 329
322 355
322 366
322 368
322 380
322 389
322 393
322 398
322 400
322 401
322 432
322 437
323 337
323 361
323 391
323 406
323 408
323 498
324 342
324 381
324 387
324 405
324 442
324 460
324 490
325 386
325 392
325 470
325 480
325 489
326 344
326 350
326 388
326 417
326 426
326 491
327 339
327 348
327 360
327 382
327 411
327 415
327 440
327 454
327 461
328 405
328 435
328 444
328 460
329 355
329 366
329 368
329 380
329 389
329 398
329 400
329 402
329 428
329 432
329 475
329 484
330 331
330 334
330 353
330 354
330 371
330 374
330 377
330 383
330 394
330 409
330 416
330 418
330 427
330 450
330 462
330 478
330 487
331 334
331 349
331 371
331 377
331 416
331 418
331 427
331 450
331 487
332 343
332 347
332 356
332 376
332 378
332 438
332 495
333 353
333 383
333 466
333 497
334 341
334 354
334 418
334 427
334 429
334 450
334 459
334 462
334 478
335 345
335 352
335 361
335 366
335 368
335 390
335 393
335 400
335 479
336 343
336 347
336 348
336 407
336 414
336 426
336 440
336 461
336 500
337 338
337 384
337 408
337 423
337 443
337 457
337 468
337 472
337 473
338 384
338 441
338 443
338 457
338 472
338 493
339 348
339 382
339 411
339 415
339 445
339 454
339 461
340 420
340 430
340 485
341 354
341 427
341 429
341 450
341 459
341 462
341 478
342 387
342 428
342 484
343 347
343 356
343 376
343 378
343 414
343 438
343 446
343 467
343 495
344 388
344 417
344 422
344 426
344 491
345 352
345 361
345 366
345 368
345 390
345 393
345 400
345 479
346 373
346 383
346 394
346 413
346 434
346 448
346 498
347 388
347 417
347 426
347 500
348 407
348 411
348 414
348 440
348 452
348 454
348 461
349 369
349 371
349 374
349 375
349 381
349 416
349 418
349 442
349 487
350 388
350 399
350 424
351 359
351 372
351 386
351 392
351 410
351 447
351 474
351 482
352 361
352 366
352 368
352 369
352 390
352 393
352 400
352 479
352 484
353 354
353 371
353 377
353 383
353 394
353 409
353 462
353 466
353 478
354 383
354 427
354 429
354 450
354 462
354 466
354 478
355 366
355 368
355 380
355 389
355 398
355 401
355 431
355 432
355 437
355 465
355 469
356 376
356 378
356 414
356 438
356 446
356 467
356 495
357 364
357 430
357 453
357 455
357 494
358 395
358 397
358 435
358 444
358 477
359 372
359 386
359 392
359 471
359 474
359 482
360 415
360 426
360 440
360 454
360 481
360 500
361 369
361 375
361 390
361 391
361 408
361 479
362 365
362 385
362 403
362 463
362 476
363 396
363 439
363 449
363 452
363 458
363 499
364 430
364 455
364 494
365 370
365 385
365 403
365 433
365 456
365 463
365 476
366 368
366 389
366 390
366 393
366 400
366 401
366 432
366 479
366 484
367 386
367 410
368 380
368 389
368 393
368 400
368 401
368 432
368 484
369 374
369 375
369 390
369 391
369 442
369 479
370 385
370 433
370 451
370 453
370 456
370 463
370 496
371 374
371 375
371 377
371 383
371 394
371 409
371 416
371 418
371 487
372 386
372 392
372 471
372 474
372 482
373 406
373 413
373 420
373 434
373 448
373 498
374 375
374 377
374 391
374 394
374 409
374 418
374 487
375 377
375 391
375 394
375 409
375 487
376 378
376 420
376 438
376 446
376 495
377 383
377 394
377 409
377 418
377 487
378 414
378 438
378 446
378 467
378 495
379 412
379 415
379 422
379 481
380 389
380 398
380 401
380 402
380 419
380 431
380 432
380 437
380 465
380 469
381 397
381 416
381 442
381 490
382 411
382 445
382 454
383 394
383 409
384 404
384 423
384 441
384 443
384 457
384 472
384 473
384 488
384 493
385 433
385 456
385 463
385 496
386 392
386 410
386 474
386 482
387 428
387 442
387 484
388 417
388 424
388 426
389 393
389 401
389 432
389 437
389 469
390 393
390 400
390 479
390 484
391 394
391 408
391 409
392 410
392 474
392 482
392 489
393 400
393 401
394 409
394 434
395 397
395 435
395 444
395 477
396 439
396 441
396 447
396 449
396 458
396 486
396 488
396 493
396 499
397 405
397 435
397 460
397 477
397 490
398 402
398 419
398 431
398 432
398 437
398 465
398 469
399 424
399 436
399 485
400 479
400 484
401 432
401 437
401 469
401 471
402 428
402 475
403 453
403 463
403 476
404 439
404 443
404 452
404 458
404 468
404 473
404 488
405 435
405 460
405 490
406 413
406 423
406 434
406 468
406 498
407 414
407 439
407 446
407 452
407 461
407 467
408 423
408 457
408 472
409 418
409 487
411 445
411 454
412 422
413 434
413 448
413 498
414 438
414 446
414 452
414 461
414 467
415 440
415 454
415 481
415 500
416 418
416 425
416 487
417 422
417 426
417 491
417 500
418 427
418 450
418 478
418 487
419 431
419 437
419 465
419 469
420 430
420 485
420 495
421 429
421 464
421 476
422 481
422 491
423 443
423 457
423 468
423 472
423 473
424 436
425 459
425 477
426 440
426 491
426 500
427 429
427 450
427 462
427 478
428 475
428 484
429 450
429 462
429 464
429 478
430 448
430 455
430 497
431 432
431 437
431 465
431 469
432 437
432 465
432 469
433 451
433 453
433 456
433 496
434 448
434 498
435 444
435 460
436 494
437 465
437 469
438 446
438 467
438 495
439 449
439 452
439 458
439 488
440 454
440 461
440 500
441 443
441 457
441 458
441 472
441 486
441 488
441 493
442 490
443 457
443 468
443 472
443 473
443 488
444 460
446 467
447 449
447 482
447 486
447 499
449 458
449 492
449 499
450 459
450 462
450 478
451 453
451 456
451 496
452 458
452 467
453 456
453 463
454 461
455 497
456 463
457 472
457 473
457 493
458 488
458 499
460 490
462 466
462 478
463 476
464 476
465 469
466 497
468 473
470 480
470 489
471 474
471 482
472 473
474 482
479 484
480 489
481 500
482 486
482 493
486 488
486 493
492 499
