252
1 86
1 88
1 89
1 92
1 93
1 94
1 95
1 96
1 97
1 99
1 101
1 103
1 106
1 107
1 108
1 109
1 111
1 117
1 118
1 119
1 120
1 121
1 125
1 126
1 127
1 128
1 132
1 134
1 135
1 136
1 138
1 140
1 143
1 146
1 149
1 150
1 151
1 152
1 154
1 156
1 157
1 158
1 160
1 162
1 165
1 166
1 172
1 173
1 178
1 179
1 182
1 183
1 184
1 185
1 188
1 189
1 193
1 196
1 198
1 199
1 200
1 201
1 203
1 204
1 207
1 209
1 211
1 213
1 214
1 216
1 218
1 219
1 220
1 222
1 223
1 226
1 228
1 229
1 232
1 233
1 234
1 235
1 237
1 238
1 239
1 241
1 242
1 243
1 244
1 246
1 247
1 250
1 251
1 252
2 86
2 87
2 88
2 90
2 91
2 92
2 95
2 97
2 100
2 101
2 102
2 103
2 105
2 106
2 108
2 110
2 111
2 114
2 116
2 117
2 119
2 120
2 122
2 124
2 126
2 128
2 130
2 131
2 132
2 133
2 134
2 137
2 144
2 146
2 149
2 151
2 152
2 154
2 160
2 161
2 165
2 167
2 168
2 171
2 172
2 173
2 174
2 175
2 176
2 177
2 178
2 179
2 181
2 182
2 183
2 184
2 186
2 187
2 190
2 191
2 194
2 197
2 199
2 200
2 201
2 206
2 207
2 209
2 210
2 211
2 213
2 214
2 215
2 217
2 218
2 219
2 222
2 225
2 226
2 227
2 228
2 229
2 233
2 236
2 237
2 238
2 241
2 243
2 245
2 246
2 249
2 251
2 252
3 85
3 86
3 87
3 89
3 90
3 91
3 93
3 95
3 97
3 98
3 99
3 100
3 103
3 105
3 106
3 112
3 114
3 117
3 121
3 129
3 130
3 131
3 132
3 133
3 134
3 136
3 140
3 141
3 144
3 146
3 147
3 148
3 149
3 150
3 151
3 155
3 159
3 160
3 161
3 162
3 164
3 169
3 170
3 171
3 175
3 176
3 177
3 179
3 180
3 182
3 183
3 186
3 188
3 190
3 192
3 196
3 197
3 205
3 207
3 208
3 210
3 211
3 215
3 216
3 217
3 218
3 220
3 221
3 222
3 224
3 225
3 227
3 228
3 229
3 231
3 234
3 237
3 239
3 243
3 244
3 247
3 248
3 250
4 87
4 89
4 91
4 93
4 94
4 97
4 99
4 102
4 104
4 105
4 106
4 110
4 113
4 120
4 125
4 127
4 130
4 134
4 136
4 137
4 140
4 143
4 146
4 147
4 149
4 150
4 154
4 157
4 161
4 162
4 163
4 167
4 170
4 171
4 172
4 176
4 177
4 179
4 182
4 183
4 186
4 188
4 190
4 191
4 192
4 194
4 195
4 197
4 204
4 205
4 206
4 208
4 209
4 210
4 213
4 214
4 216
4 218
4 219
4 222
4 223
4 224
4 225
4 228
4 231
4 232
4 233
4 236
4 237
4 239
4 240
4 241
4 242
4 244
4 245
4 247
4 249
4 250
4 251
5 85
5 86
5 87
5 88
5 89
5 90
5 91
5 92
5 93
5 94
5 95
5 96
5 98
5 102
5 103
5 104
5 105
5 106
5 107
5 110
5 111
5 114
5 116
5 119
5 120
5 124
5 125
5 126
5 128
5 131
5 134
5 136
5 138
5 141
5 143
5 149
5 150
5 152
5 153
5 154
5 155
5 156
5 169
5 170
5 172
5 173
5 177
5 179
5 181
5 182
5 183
5 184
5 190
5 191
5 192
5 193
5 194
5 196
5 198
5 199
5 204
5 205
5 207
5 211
5 216
5 217
5 218
5 221
5 222
5 223
5 224
5 226
5 227
5 229
5 233
5 234
5 236
5 237
5 238
5 239
5 240
5 242
5 246
5 247
5 248
5 251
5 252
6 86
6 87
6 88
6 90
6 91
6 95
6 97
6 99
6 100
6 103
6 104
6 107
6 108
6 111
6 113
6 114
6 121
6 122
6 123
6 125
6 126
6 128
6 129
6 131
6 132
6 136
6 138
6 139
6 140
6 141
6 143
6 144
6 147
6 148
6 151
6 153
6 154
6 157
6 158
6 160
6 161
6 162
6 164
6 169
6 170
6 174
6 181
6 187
6 190
6 192
6 194
6 195
6 198
6 199
6 201
6 205
6 206
6 208
6 209
6 212
6 215
6 216
6 217
6 219
6 220
6 221
6 223
6 224
6 228
6 229
6 232
6 233
6 235
6 240
6 241
6 242
6 243
6 244
6 247
6 248
6 249
6 250
6 252
7 85
7 87
7 88
7 93
7 97
7 98
7 99
7 100
7 102
7 103
7 104
7 105
7 108
7 109
7 117
7 118
7 123
7 124
7 125
7 127
7 128
7 133
7 134
7 135
7 138
7 140
7 141
7 142
7 143
7 146
7 148
7 151
7 154
7 158
7 161
7 168
7 173
7 174
7 178
7 179
7 180
7 183
7 184
7 187
7 188
7 190
7 192
7 194
7 202
7 204
7 206
7 207
7 209
7 212
7 213
7 216
7 219
7 222
7 223
7 224
7 225
7 226
7 227
7 231
7 232
7 234
7 235
7 237
7 238
7 240
7 242
7 245
7 248
7 250
7 252
8 85
8 88
8 93
8 96
8 101
8 102
8 104
8 105
8 106
8 108
8 109
8 110
8 111
8 112
8 114
8 117
8 122
8 124
8 129
8 131
8 132
8 133
8 134
8 138
8 140
8 141
8 142
8 143
8 146
8 148
8 149
8 150
8 152
8 155
8 156
8 158
8 159
8 165
8 166
8 168
8 171
8 173
8 177
8 178
8 179
8 181
8 188
8 189
8 190
8 193
8 196
8 198
8 202
8 204
8 208
8 210
8 212
8 217
8 218
8 219
8 222
8 223
8 224
8 226
8 227
8 228
8 229
8 230
8 231
8 233
8 234
8 235
8 236
8 239
8 241
8 242
8 243
8 244
8 245
8 247
8 249
8 250
9 85
9 87
9 89
9 90
9 96
9 98
9 99
9 100
9 105
9 109
9 116
9 117
9 118
9 119
9 121
9 123
9 126
9 130
9 134
9 136
9 141
9 148
9 149
9 151
9 152
9 153
9 156
9 160
9 161
9 162
9 163
9 165
9 167
9 168
9 169
9 170
9 171
9 172
9 179
9 180
9 186
9 189
9 191
9 192
9 194
9 197
9 198
9 199
9 200
9 201
9 202
9 204
9 205
9 210
9 211
9 213
9 214
9 215
9 216
9 218
9 219
9 220
9 222
9 223
9 225
9 226
9 228
9 230
9 231
9 235
9 236
9 237
9 241
9 246
9 247
9 248
9 249
9 252
10 85
10 86
10 87
10 88
10 91
10 92
10 94
10 96
10 97
10 98
10 100
10 102
10 104
10 105
10 109
10 111
10 114
10 116
10 117
10 119
10 121
10 122
10 125
10 126
10 127
10 129
10 130
10 131
10 132
10 134
10 135
10 138
10 140
10 147
10 148
10 149
10 152
10 153
10 158
10 160
10 163
10 164
10 165
10 170
10 173
10 174
10 181
10 182
10 183
10 184
10 185
10 189
10 192
10 194
10 196
10 197
10 199
10 203
10 204
10 206
10 207
10 208
10 209
10 211
10 212
10 215
10 217
10 219
10 220
10 222
10 224
10 226
10 228
10 229
10 232
10 234
10 235
10 237
10 239
10 240
10 242
10 244
10 248
10 249
10 250
11 86
11 87
11 88
11 90
11 91
11 92
11 93
11 95
11 96
11 100
11 102
11 104
11 105
11 110
11 111
11 115
11 116
11 119
11 121
11 123
11 126
11 128
11 130
11 132
11 133
11 135
11 136
11 137
11 148
11 149
11 151
11 152
11 153
11 156
11 157
11 159
11 160
11 161
11 162
11 164
11 165
11 168
11 173
11 174
11 176
11 179
11 180
11 181
11 182
11 183
11 185
11 187
11 188
11 189
11 190
11 194
11 195
11 197
11 198
11 200
11 201
11 202
11 203
11 205
11 206
11 210
11 211
11 214
11 215
11 217
11 218
11 220
11 221
11 222
11 223
11 228
11 229
11 230
11 231
11 232
11 233
11 234
11 235
11 236
11 238
11 240
11 242
11 246
11 248
11 249
11 250
11 251
12 87
12 88
12 89
12 92
12 95
12 97
12 99
12 100
12 102
12 104
12 107
12 109
12 115
12 116
12 117
12 122
12 123
12 125
12 126
12 127
12 128
12 129
12 130
12 131
12 133
12 135
12 136
12 140
12 141
12 145
12 146
12 147
12 148
12 149
12 150
12 152
12 155
12 157
12 158
12 159
12 160
12 161
12 166
12 168
12 169
12 170
12 171
12 174
12 175
12 176
12 177
12 179
12 181
12 184
12 188
12 190
12 191
12 196
12 198
12 199
12 203
12 205
12 207
12 208
12 211
12 212
12 213
12 221
12 224
12 228
12 231
12 237
12 239
12 247
12 248
12 249
12 252
13 85
13 88
13 90
13 92
13 93
13 94
13 96
13 99
13 100
13 108
13 109
13 110
13 116
13 118
13 119
13 120
13 121
13 122
13 125
13 127
13 131
13 132
13 133
13 134
13 135
13 138
13 139
13 140
13 141
13 142
13 145
13 148
13 149
13 151
13 153
13 154
13 155
13 156
13 157
13 160
13 161
13 162
13 163
13 165
13 169
13 171
13 172
13 173
13 174
13 177
13 178
13 180
13 182
13 183
13 184
13 186
13 187
13 188
13 191
13 192
13 196
13 200
13 201
13 205
13 206
13 207
13 208
13 209
13 212
13 215
13 221
13 224
13 225
13 226
13 227
13 230
13 232
13 233
13 234
13 236
13 237
13 238
13 241
13 244
13 245
13 247
13 248
13 250
13 251
13 252
14 85
14 89
14 90
14 94
14 96
14 102
14 104
14 105
14 106
14 108
14 111
14 113
14 114
14 118
14 121
14 122
14 123
14 124
14 127
14 129
14 130
14 133
14 134
14 135
14 136
14 138
14 141
14 142
14 144
14 145
14 146
14 150
14 151
14 152
14 153
14 154
14 158
14 159
14 160
14 163
14 166
14 167
14 168
14 169
14 172
14 175
14 177
14 178
14 189
14 190
14 191
14 193
14 198
14 202
14 203
14 204
14 205
14 213
14 215
14 218
14 219
14 220
14 223
14 225
14 227
14 229
14 231
14 232
14 233
14 234
14 236
14 238
14 239
14 243
14 245
14 247
14 248
14 251
15 86
15 88
15 89
15 90
15 91
15 93
15 97
15 98
15 101
15 102
15 103
15 105
15 107
15 108
15 109
15 110
15 112
15 113
15 116
15 118
15 119
15 125
15 126
15 127
15 129
15 130
15 133
15 134
15 135
15 136
15 137
15 139
15 141
15 144
15 147
15 151
15 152
15 154
15 156
15 157
15 158
15 160
15 161
15 162
15 164
15 168
15 169
15 172
15 173
15 176
15 177
15 179
15 183
15 185
15 186
15 190
15 191
15 195
15 196
15 198
15 200
15 202
15 203
15 204
15 206
15 207
15 209
15 210
15 214
15 216
15 218
15 223
15 224
15 225
15 226
15 227
15 228
15 234
15 235
15 241
15 242
15 243
15 244
15 246
15 247
15 248
15 249
15 250
16 85
16 87
16 90
16 92
16 93
16 95
16 102
16 103
16 104
16 105
16 106
16 109
16 113
16 115
16 117
16 120
16 121
16 122
16 123
16 125
16 127
16 128
16 129
16 136
16 137
16 138
16 141
16 142
16 143
16 144
16 146
16 147
16 148
16 149
16 151
16 153
16 157
16 158
16 159
16 160
16 161
16 163
16 166
16 167
16 170
16 171
16 172
16 177
16 178
16 180
16 181
16 182
16 183
16 185
16 186
16 188
16 189
16 194
16 195
16 197
16 199
16 203
16 204
16 205
16 206
16 207
16 209
16 210
16 213
16 214
16 219
16 220
16 222
16 223
16 227
16 231
16 233
16 235
16 236
16 237
16 241
16 244
16 245
16 248
16 249
16 251
17 85
17 86
17 90
17 91
17 92
17 94
17 96
17 99
17 105
17 107
17 108
17 110
17 112
17 113
17 115
17 119
17 121
17 123
17 124
17 125
17 127
17 128
17 131
17 132
17 134
17 137
17 144
17 154
17 155
17 157
17 158
17 162
17 167
17 169
17 170
17 171
17 174
17 178
17 180
17 182
17 183
17 188
17 189
17 190
17 192
17 197
17 199
17 200
17 201
17 203
17 207
17 209
17 210
17 211
17 212
17 213
17 216
17 217
17 220
17 223
17 227
17 228
17 234
17 236
17 238
17 239
17 240
17 241
17 245
17 246
17 251
18 85
18 87
18 88
18 89
18 92
18 93
18 94
18 98
18 102
18 104
18 106
18 107
18 109
18 111
18 112
18 113
18 114
18 115
18 116
18 117
18 118
18 119
18 120
18 121
18 122
18 124
18 126
18 128
18 129
18 130
18 131
18 132
18 133
18 134
18 135
18 138
18 139
18 143
18 144
18 146
18 147
18 149
18 150
18 152
18 155
18 157
18 158
18 161
18 164
18 166
18 175
18 176
18 182
18 183
18 186
18 187
18 191
18 193
18 198
18 200
18 201
18 202
18 204
18 205
18 207
18 210
18 211
18 212
18 214
18 215
18 216
18 217
18 219
18 220
18 228
18 229
18 231
18 232
18 233
18 234
18 236
18 238
18 239
18 244
18 247
18 250
18 251
18 252
19 86
19 87
19 93
19 94
19 95
19 96
19 99
19 103
19 104
19 105
19 106
19 109
19 111
19 113
19 114
19 115
19 116
19 117
19 118
19 120
19 121
19 126
19 127
19 132
19 134
19 135
19 136
19 142
19 143
19 148
19 149
19 151
19 155
19 158
19 159
19 160
19 162
19 164
19 171
19 173
19 175
19 176
19 179
19 181
19 187
19 188
19 189
19 190
19 191
19 194
19 195
19 196
19 199
19 200
19 201
19 202
19 203
19 205
19 206
19 208
19 210
19 212
19 216
19 218
19 220
19 226
19 227
19 228
19 230
19 231
19 232
19 233
19 235
19 237
19 238
19 240
19 245
19 246
19 247
19 248
20 85
20 86
20 88
20 90
20 91
20 93
20 95
20 99
20 100
20 101
20 102
20 103
20 110
20 112
20 114
20 116
20 117
20 123
20 124
20 125
20 126
20 127
20 128
20 129
20 131
20 132
20 133
20 134
20 135
20 138
20 139
20 140
20 141
20 144
20 145
20 146
20 152
20 154
20 155
20 157
20 158
20 163
20 165
20 167
20 168
20 175
20 176
20 177
20 179
20 181
20 183
20 184
20 188
20 193
20 195
20 196
20 197
20 199
20 201
20 204
20 205
20 208
20 209
20 210
20 211
20 212
20 214
20 215
20 216
20 217
20 218
20 220
20 222
20 223
20 227
20 230
20 231
20 238
20 243
20 247
20 249
21 86
21 88
21 89
21 90
21 92
21 94
21 96
21 98
21 99
21 100
21 101
21 102
21 103
21 105
21 109
21 113
21 114
21 120
21 121
21 123
21 125
21 129
21 132
21 133
21 134
21 135
21 136
21 137
21 138
21 141
21 143
21 151
21 152
21 153
21 155
21 156
21 157
21 158
21 159
21 161
21 162
21 163
21 164
21 166
21 167
21 168
21 171
21 173
21 174
21 175
21 178
21 181
21 183
21 191
21 192
21 195
21 197
21 199
21 200
21 201
21 203
21 205
21 206
21 207
21 210
21 214
21 216
21 217
21 220
21 221
21 226
21 228
21 229
21 231
21 234
21 235
21 239
21 241
21 246
21 247
21 248
21 251
22 85
22 86
22 87
22 88
22 90
22 93
22 95
22 97
22 98
22 99
22 100
22 101
22 102
22 103
22 104
22 105
22 108
22 111
22 113
22 114
22 115
22 116
22 119
22 121
22 125
22 127
22 128
22 129
22 131
22 132
22 134
22 138
22 140
22 142
22 145
22 146
22 148
22 149
22 152
22 153
22 155
22 157
22 160
22 161
22 163
22 165
22 168
22 170
22 171
22 173
22 174
22 176
22 177
22 178
22 180
22 182
22 183
22 184
22 185
22 186
22 187
22 189
22 190
22 194
22 195
22 199
22 201
22 202
22 207
22 212
22 213
22 214
22 215
22 216
22 217
22 218
22 220
22 221
22 223
22 226
22 228
22 230
22 231
22 232
22 233
22 235
22 237
22 240
22 241
22 242
22 243
22 244
22 245
22 247
22 250
22 251
22 252
23 85
23 86
23 87
23 88
23 89
23 93
23 95
23 96
23 97
23 98
23 101
23 102
23 103
23 112
23 113
23 119
23 120
23 121
23 123
23 124
23 125
23 126
23 127
23 129
23 130
23 135
23 136
23 137
23 138
23 140
23 141
23 143
23 147
23 150
23 151
23 152
23 153
23 158
23 160
23 161
23 162
23 163
23 164
23 167
23 170
23 171
23 172
23 173
23 174
23 177
23 179
23 185
23 187
23 188
23 191
23 193
23 194
23 197
23 198
23 199
23 200
23 201
23 202
23 203
23 204
23 208
23 209
23 210
23 211
23 219
23 220
23 221
23 226
23 230
23 233
23 234
23 235
23 237
23 239
23 241
23 243
23 244
23 248
23 251
23 252
24 86
24 88
24 94
24 98
24 99
24 104
24 105
24 106
24 108
24 109
24 111
24 112
24 117
24 118
24 119
24 124
24 125
24 126
24 130
24 132
24 134
24 135
24 136
24 138
24 139
24 140
24 144
24 145
24 146
24 147
24 149
24 153
24 155
24 156
24 159
24 160
24 164
24 165
24 167
24 169
24 173
24 175
24 180
24 182
24 183
24 187
24 191
24 195
24 196
24 199
24 201
24 202
24 203
24 204
24 207
24 208
24 209
24 211
24 215
24 218
24 219
24 220
24 222
24 226
24 230
24 234
24 236
24 241
24 246
24 250
24 251
24 252
25 85
25 88
25 92
25 93
25 94
25 95
25 98
25 100
25 101
25 103
25 106
25 117
25 120
25 121
25 123
25 125
25 126
25 127
25 128
25 129
25 130
25 131
25 139
25 140
25 143
25 144
25 146
25 148
25 150
25 153
25 154
25 157
25 162
25 163
25 166
25 172
25 173
25 174
25 175
25 176
25 177
25 178
25 179
25 180
25 184
25 185
25 186
25 191
25 193
25 194
25 195
25 198
25 199
25 202
25 204
25 208
25 210
25 211
25 214
25 216
25 219
25 220
25 221
25 223
25 227
25 228
25 233
25 235
25 237
25 240
25 241
25 243
25 247
25 250
26 86
26 87
26 88
26 89
26 91
26 94
26 95
26 98
26 99
26 103
26 104
26 106
26 107
26 108
26 110
26 111
26 112
26 114
26 116
26 118
26 120
26 123
26 124
26 127
26 129
26 130
26 131
26 132
26 133
26 135
26 139
26 143
26 144
26 145
26 146
26 148
26 149
26 151
26 152
26 154
26 160
26 161
26 162
26 163
26 164
26 165
26 168
26 169
26 171
26 172
26 174
26 175
26 176
26 179
26 180
26 181
26 182
26 184
26 185
26 186
26 188
26 189
26 190
26 191
26 193
26 194
26 197
26 200
26 201
26 202
26 205
26 208
26 211
26 212
26 214
26 215
26 221
26 222
26 224
26 228
26 229
26 230
26 231
26 232
26 237
26 238
26 241
26 243
26 245
26 247
26 251
26 252
27 85
27 87
27 89
27 94
27 95
27 96
27 97
27 98
27 99
27 100
27 101
27 102
27 103
27 104
27 105
27 110
27 111
27 112
27 114
27 116
27 119
27 122
27 126
27 128
27 129
27 133
27 136
27 137
27 138
27 141
27 143
27 144
27 145
27 147
27 148
27 149
27 150
27 153
27 154
27 155
27 156
27 157
27 159
27 160
27 165
27 166
27 168
27 169
27 172
27 173
27 175
27 176
27 178
27 179
27 181
27 182
27 183
27 187
27 189
27 191
27 192
27 193
27 194
27 195
27 196
27 197
27 199
27 200
27 202
27 204
27 205
27 207
27 209
27 213
27 217
27 223
27 224
27 227
27 228
27 230
27 231
27 233
27 235
27 236
27 237
27 238
27 241
27 242
27 245
27 246
27 247
27 248
27 249
27 251
28 85
28 86
28 88
28 89
28 93
28 94
28 95
28 96
28 97
28 98
28 100
28 101
28 103
28 107
28 109
28 110
28 111
28 112
28 113
28 114
28 118
28 119
28 120
28 121
28 122
28 124
28 125
28 128
28 131
28 134
28 135
28 136
28 138
28 143
28 144
28 145
28 148
28 149
28 150
28 152
28 154
28 157
28 158
28 160
28 164
28 165
28 167
28 172
28 173
28 174
28 175
28 176
28 179
28 181
28 182
28 184
28 185
28 188
28 190
28 195
28 197
28 198
28 199
28 203
28 208
28 211
28 213
28 214
28 215
28 217
28 218
28 219
28 224
28 225
28 228
28 230
28 231
28 236
28 237
28 238
28 239
28 241
28 243
28 245
28 247
28 248
28 249
29 85
29 87
29 88
29 89
29 90
29 91
29 92
29 94
29 96
29 98
29 100
29 101
29 104
29 108
29 109
29 113
29 114
29 116
29 118
29 120
29 122
29 125
29 130
29 133
29 137
29 138
29 139
29 141
29 143
29 144
29 146
29 149
29 150
29 154
29 157
29 158
29 159
29 160
29 161
29 162
29 163
29 165
29 166
29 167
29 170
29 172
29 173
29 178
29 183
29 184
29 192
29 193
29 194
29 195
29 196
29 197
29 202
29 204
29 205
29 207
29 209
29 210
29 214
29 215
29 217
29 220
29 221
29 223
29 224
29 228
29 231
29 236
29 237
29 241
29 246
29 249
29 250
29 251
30 85
30 91
30 92
30 95
30 97
30 98
30 99
30 103
30 110
30 111
30 115
30 117
30 118
30 120
30 121
30 122
30 124
30 126
30 129
30 132
30 133
30 134
30 135
30 137
30 138
30 140
30 143
30 149
30 152
30 153
30 155
30 159
30 160
30 162
30 163
30 166
30 172
30 173
30 175
30 179
30 181
30 184
30 185
30 186
30 187
30 188
30 189
30 192
30 193
30 194
30 195
30 196
30 197
30 198
30 200
30 201
30 202
30 203
30 204
30 207
30 211
30 215
30 217
30 218
30 221
30 222
30 223
30 224
30 226
30 227
30 228
30 229
30 230
30 231
30 234
30 235
30 237
30 238
30 244
30 245
30 247
30 248
30 250
30 251
30 252
31 88
31 91
31 93
31 99
31 100
31 101
31 103
31 104
31 106
31 107
31 109
31 110
31 112
31 113
31 117
31 120
31 121
31 122
31 123
31 124
31 126
31 127
31 129
31 131
31 132
31 134
31 135
31 137
31 138
31 139
31 143
31 147
31 148
31 149
31 151
31 152
31 159
31 162
31 166
31 169
31 174
31 175
31 176
31 179
31 181
31 183
31 184
31 185
31 186
31 187
31 194
31 196
31 197
31 198
31 199
31 200
31 202
31 204
31 209
31 210
31 211
31 213
31 215
31 216
31 219
31 220
31 223
31 224
31 228
31 229
31 230
31 231
31 234
31 238
31 239
31 242
31 245
31 247
31 250
31 251
31 252
32 89
32 90
32 92
32 94
32 95
32 96
32 103
32 105
32 106
32 107
32 108
32 112
32 114
32 117
32 118
32 119
32 120
32 121
32 124
32 126
32 128
32 129
32 131
32 133
32 134
32 136
32 137
32 142
32 144
32 145
32 146
32 148
32 149
32 154
32 157
32 162
32 165
32 166
32 171
32 174
32 178
32 182
32 186
32 187
32 190
32 191
32 194
32 195
32 196
32 198
32 200
32 203
32 209
32 220
32 221
32 222
32 223
32 225
32 227
32 228
32 229
32 231
32 236
32 237
32 239
32 240
32 242
32 243
32 244
32 245
32 252
33 87
33 89
33 90
33 91
33 95
33 96
33 97
33 99
33 100
33 102
33 104
33 107
33 109
33 110
33 115
33 116
33 121
33 122
33 124
33 125
33 126
33 127
33 128
33 130
33 131
33 132
33 134
33 136
33 138
33 139
33 140
33 141
33 142
33 148
33 149
33 151
33 155
33 156
33 158
33 161
33 162
33 163
33 167
33 174
33 175
33 176
33 177
33 179
33 180
33 181
33 182
33 183
33 185
33 187
33 189
33 191
33 192
33 193
33 198
33 199
33 200
33 205
33 206
33 208
33 209
33 210
33 213
33 217
33 218
33 222
33 224
33 225
33 226
33 228
33 229
33 232
33 235
33 238
33 240
33 247
33 248
33 249
33 250
33 251
34 85
34 87
34 88
34 89
34 91
34 92
34 93
34 94
34 95
34 96
34 99
34 100
34 101
34 102
34 103
34 105
34 108
34 110
34 112
34 114
34 115
34 117
34 119
34 120
34 121
34 122
34 124
34 127
34 131
34 132
34 133
34 137
34 139
34 140
34 141
34 144
34 145
34 146
34 147
34 149
34 151
34 155
34 159
34 160
34 161
34 162
34 167
34 169
34 170
34 171
34 172
34 173
34 174
34 175
34 176
34 180
34 181
34 182
34 184
34 194
34 195
34 198
34 201
34 202
34 203
34 208
34 209
34 211
34 212
34 214
34 215
34 217
34 218
34 221
34 222
34 223
34 227
34 229
34 231
34 234
34 238
34 239
34 243
34 245
34 246
34 248
34 250
34 252
35 87
35 88
35 90
35 92
35 93
35 95
35 97
35 98
35 100
35 101
35 102
35 104
35 107
35 110
35 111
35 114
35 116
35 119
35 121
35 122
35 124
35 129
35 133
35 135
35 136
35 138
35 139
35 141
35 143
35 145
35 147
35 149
35 152
35 153
35 156
35 157
35 160
35 161
35 164
35 165
35 167
35 168
35 169
35 170
35 171
35 173
35 176
35 177
35 179
35 180
35 183
35 192
35 194
35 196
35 198
35 199
35 200
35 201
35 203
35 206
35 208
35 214
35 216
35 217
35 219
35 222
35 223
35 226
35 230
35 232
35 233
35 236
35 237
35 238
35 239
35 242
35 244
35 245
35 246
35 247
35 248
35 249
35 250
35 252
36 85
36 86
36 87
36 90
36 92
36 94
36 96
36 97
36 98
36 103
36 104
36 107
36 108
36 111
36 112
36 114
36 115
36 117
36 119
36 120
36 121
36 125
36 126
36 128
36 129
36 132
36 135
36 137
36 138
36 141
36 142
36 143
36 144
36 146
36 151
36 152
36 153
36 155
36 156
36 158
36 161
36 162
36 163
36 164
36 167
36 169
36 171
36 172
36 173
36 177
36 181
36 183
36 185
36 190
36 191
36 192
36 193
36 195
36 196
36 199
36 204
36 205
36 211
36 212
36 216
36 217
36 218
36 219
36 224
36 227
36 230
36 232
36 233
36 235
36 236
36 238
36 239
36 240
36 242
36 250
36 251
37 85
37 86
37 88
37 89
37 91
37 93
37 95
37 96
37 97
37 103
37 106
37 111
37 116
37 117
37 118
37 119
37 121
37 125
37 127
37 128
37 129
37 131
37 133
37 134
37 135
37 136
37 138
37 143
37 144
37 146
37 147
37 148
37 150
37 152
37 154
37 155
37 156
37 158
37 159
37 164
37 166
37 168
37 169
37 171
37 172
37 173
37 174
37 178
37 181
37 182
37 183
37 184
37 185
37 186
37 188
37 190
37 191
37 195
37 196
37 197
37 199
37 200
37 202
37 205
37 206
37 209
37 210
37 212
37 213
37 214
37 221
37 222
37 225
37 226
37 230
37 242
37 243
37 244
37 245
37 246
37 248
37 250
37 251
37 252
38 85
38 88
38 89
38 91
38 92
38 93
38 95
38 96
38 97
38 98
38 103
38 112
38 113
38 114
38 118
38 120
38 121
38 122
38 127
38 129
38 131
38 133
38 134
38 136
38 137
38 138
38 139
38 140
38 145
38 148
38 150
38 154
38 155
38 156
38 158
38 160
38 162
38 163
38 165
38 166
38 169
38 170
38 172
38 173
38 176
38 177
38 180
38 181
38 183
38 184
38 187
38 188
38 189
38 190
38 192
38 193
38 194
38 195
38 197
38 198
38 200
38 201
38 202
38 203
38 205
38 206
38 207
38 211
38 212
38 213
38 216
38 217
38 220
38 221
38 223
38 224
38 225
38 226
38 227
38 230
38 232
38 233
38 234
38 236
38 242
38 247
38 248
38 249
38 251
38 252
39 85
39 86
39 87
39 92
39 93
39 95
39 96
39 97
39 99
39 100
39 102
39 103
39 105
39 106
39 107
39 110
39 112
39 113
39 114
39 115
39 116
39 119
39 120
39 121
39 123
39 124
39 128
39 130
39 131
39 134
39 135
39 136
39 139
39 140
39 141
39 143
39 146
39 149
39 150
39 152
39 153
39 154
39 160
39 161
39 163
39 164
39 167
39 169
39 170
39 171
39 172
39 176
39 182
39 185
39 187
39 189
39 190
39 191
39 192
39 194
39 196
39 197
39 198
39 199
39 201
39 202
39 203
39 204
39 205
39 206
39 207
39 209
39 210
39 211
39 213
39 218
39 219
39 221
39 222
39 225
39 226
39 228
39 229
39 230
39 238
39 239
39 240
39 241
39 242
39 245
39 246
39 247
39 248
39 249
39 250
39 251
40 85
40 86
40 87
40 89
40 90
40 91
40 96
40 100
40 101
40 102
40 104
40 105
40 106
40 109
40 111
40 112
40 113
40 121
40 122
40 123
40 124
40 130
40 133
40 134
40 136
40 140
40 143
40 144
40 146
40 149
40 151
40 153
40 155
40 157
40 158
40 164
40 168
40 169
40 172
40 173
40 174
40 176
40 179
40 181
40 182
40 183
40 184
40 188
40 190
40 193
40 195
40 196
40 197
40 199
40 200
40 201
40 202
40 204
40 206
40 207
40 209
40 211
40 213
40 215
40 217
40 218
40 219
40 220
40 223
40 225
40 228
40 229
40 231
40 232
40 233
40 235
40 238
40 239
40 241
40 246
40 247
40 249
40 250
40 251
41 85
41 86
41 94
41 98
41 101
41 103
41 105
41 106
41 110
41 114
41 121
41 124
41 125
41 127
41 128
41 129
41 131
41 133
41 134
41 135
41 138
41 141
41 143
41 145
41 146
41 151
41 155
41 156
41 157
41 158
41 159
41 165
41 166
41 167
41 168
41 170
41 171
41 173
41 174
41 175
41 177
41 178
41 179
41 181
41 183
41 185
41 188
41 189
41 190
41 192
41 194
41 196
41 197
41 198
41 199
41 200
41 201
41 205
41 207
41 210
41 216
41 217
41 218
41 220
41 222
41 225
41 226
41 227
41 228
41 231
41 237
41 238
41 239
41 240
41 242
41 243
41 246
41 247
41 250
42 87
42 89
42 93
42 94
42 95
42 97
42 101
42 102
42 104
42 109
42 113
42 114
42 115
42 117
42 121
42 123
42 124
42 126
42 133
42 137
42 138
42 142
42 143
42 145
42 148
42 149
42 150
42 151
42 152
42 154
42 155
42 158
42 159
42 160
42 161
42 163
42 165
42 167
42 168
42 169
42 170
42 171
42 173
42 176
42 179
42 181
42 183
42 184
42 188
42 189
42 190
42 192
42 194
42 195
42 196
42 197
42 201
42 202
42 203
42 204
42 205
42 207
42 208
42 209
42 211
42 213
42 217
42 219
42 220
42 224
42 225
42 229
42 230
42 231
42 234
42 236
42 237
42 239
42 240
42 242
42 244
42 246
42 248
42 250
42 251
43 85
43 86
43 87
43 89
43 91
43 97
43 99
43 103
43 105
43 106
43 112
43 115
43 117
43 118
43 119
43 120
43 121
43 123
43 127
43 128
43 129
43 130
43 133
43 134
43 136
43 137
43 138
43 140
43 141
43 144
43 145
43 147
43 149
43 150
43 152
43 153
43 155
43 156
43 158
43 159
43 160
43 162
43 163
43 164
43 165
43 167
43 168
43 169
43 171
43 174
43 175
43 180
43 182
43 183
43 186
43 187
43 191
43 192
43 196
43 203
43 204
43 205
43 206
43 207
43 209
43 214
43 215
43 216
43 218
43 219
43 220
43 223
43 224
43 225
43 226
43 229
43 232
43 233
43 237
43 244
43 250
43 251
43 252
44 86
44 87
44 90
44 92
44 93
44 95
44 97
44 98
44 104
44 106
44 108
44 110
44 112
44 113
44 116
44 117
44 120
44 121
44 122
44 123
44 125
44 127
44 129
44 130
44 134
44 137
44 138
44 139
44 141
44 144
44 146
44 147
44 148
44 150
44 151
44 155
44 156
44 157
44 161
44 162
44 163
44 164
44 174
44 177
44 179
44 183
44 184
44 185
44 186
44 188
44 190
44 194
44 196
44 198
44 200
44 201
44 202
44 204
44 206
44 208
44 211
44 212
44 214
44 215
44 217
44 220
44 222
44 223
44 224
44 226
44 227
44 228
44 230
44 231
44 237
44 238
44 239
44 240
44 241
44 242
44 243
44 244
44 245
44 248
44 250
44 252
45 85
45 90
45 91
45 92
45 93
45 98
45 99
45 100
45 102
45 106
45 109
45 110
45 112
45 116
45 117
45 120
45 123
45 128
45 129
45 130
45 131
45 132
45 133
45 135
45 136
45 137
45 139
45 142
45 144
45 145
45 147
45 149
45 151
45 152
45 153
45 157
45 160
45 164
45 165
45 167
45 168
45 169
45 171
45 174
45 178
45 179
45 184
45 187
45 188
45 189
45 190
45 191
45 194
45 195
45 198
45 199
45 201
45 202
45 203
45 204
45 205
45 207
45 211
45 215
45 217
45 218
45 224
45 227
45 230
45 232
45 233
45 235
45 239
45 240
45 241
45 244
45 245
45 247
45 248
45 249
45 250
45 252
46 85
46 87
46 88
46 89
46 93
46 94
46 97
46 99
46 100
46 101
46 102
46 103
46 104
46 105
46 106
46 107
46 108
46 111
46 112
46 115
46 118
46 119
46 120
46 126
46 131
46 135
46 136
46 137
46 139
46 140
46 141
46 142
46 143
46 146
46 149
46 151
46 152
46 160
46 163
46 165
46 166
46 167
46 168
46 169
46 171
46 172
46 173
46 174
46 175
46 182
46 183
46 186
46 189
46 190
46 192
46 194
46 195
46 199
46 205
46 207
46 209
46 211
46 213
46 214
46 215
46 218
46 220
46 221
46 226
46 227
46 228
46 230
46 232
46 234
46 236
46 237
46 238
46 239
46 240
46 247
46 249
46 251
46 252
47 85
47 93
47 96
47 98
47 99
47 101
47 102
47 104
47 107
47 109
47 110
47 111
47 116
47 118
47 122
47 124
47 129
47 131
47 132
47 134
47 135
47 137
47 140
47 141
47 143
47 144
47 147
47 148
47 152
47 154
47 160
47 161
47 162
47 166
47 170
47 173
47 174
47 176
47 180
47 181
47 184
47 186
47 187
47 188
47 189
47 190
47 194
47 196
47 198
47 199
47 201
47 202
47 204
47 206
47 207
47 210
47 214
47 215
47 217
47 218
47 222
47 224
47 226
47 227
47 229
47 230
47 232
47 235
47 236
47 239
47 240
47 241
47 242
47 243
47 244
47 250
48 87
48 88
48 89
48 92
48 94
48 95
48 96
48 97
48 98
48 99
48 104
48 105
48 106
48 109
48 110
48 113
48 114
48 116
48 118
48 121
48 122
48 123
48 125
48 128
48 129
48 130
48 132
48 133
48 134
48 137
48 138
48 140
48 141
48 146
48 147
48 148
48 152
48 153
48 157
48 158
48 160
48 161
48 162
48 163
48 164
48 167
48 168
48 170
48 173
48 179
48 181
48 183
48 187
48 189
48 190
48 191
48 192
48 193
48 194
48 195
48 196
48 198
48 199
48 200
48 201
48 203
48 205
48 206
48 207
48 213
48 215
48 219
48 220
48 222
48 229
48 230
48 231
48 233
48 235
48 239
48 240
48 244
48 247
48 249
48 250
49 85
49 86
49 90
49 92
49 93
49 95
49 96
49 97
49 98
49 100
49 101
49 103
49 105
49 106
49 107
49 108
49 110
49 111
49 112
49 113
49 114
49 115
49 117
49 118
49 121
49 122
49 123
49 124
49 126
49 127
49 130
49 131
49 134
49 135
49 139
49 140
49 142
49 145
49 147
49 149
49 150
49 152
49 153
49 154
49 156
49 159
49 161
49 163
49 164
49 165
49 166
49 168
49 170
49 173
49 174
49 175
49 178
49 182
49 183
49 184
49 189
49 191
49 193
49 194
49 195
49 196
49 199
49 201
49 202
49 203
49 204
49 207
49 208
49 209
49 213
49 217
49 218
49 223
49 224
49 227
49 230
49 233
49 234
49 239
49 242
49 244
49 246
49 247
49 248
50 87
50 88
50 89
50 93
50 94
50 95
50 102
50 106
50 108
50 109
50 111
50 112
50 113
50 114
50 117
50 118
50 121
50 122
50 123
50 124
50 126
50 127
50 129
50 133
50 137
50 139
50 141
50 144
50 145
50 146
50 147
50 148
50 149
50 151
50 152
50 153
50 155
50 162
50 163
50 166
50 167
50 168
50 169
50 171
50 172
50 177
50 178
50 179
50 180
50 182
50 183
50 184
50 186
50 187
50 190
50 191
50 196
50 199
50 201
50 206
50 210
50 211
50 218
50 219
50 220
50 222
50 226
50 230
50 233
50 237
50 240
50 243
50 245
50 248
50 249
50 250
50 251
50 252
51 86
51 88
51 89
51 90
51 91
51 92
51 95
51 96
51 98
51 101
51 102
51 103
51 107
51 108
51 109
51 110
51 113
51 118
51 122
51 125
51 126
51 129
51 130
51 132
51 134
51 136
51 138
51 140
51 141
51 142
51 145
51 148
51 149
51 153
51 157
51 158
51 159
51 161
51 165
51 167
51 168
51 171
51 175
51 177
51 178
51 181
51 186
51 187
51 188
51 190
51 192
51 193
51 195
51 196
51 197
51 198
51 199
51 204
51 210
51 212
51 214
51 215
51 217
51 219
51 220
51 221
51 222
51 223
51 228
51 230
51 232
51 233
51 235
51 236
51 238
51 241
51 242
51 244
51 250
51 251
51 252
52 88
52 89
52 90
52 91
52 93
52 94
52 96
52 97
52 99
52 102
52 103
52 104
52 105
52 106
52 109
52 111
52 112
52 113
52 114
52 115
52 117
52 121
52 123
52 126
52 128
52 131
52 133
52 135
52 141
52 143
52 144
52 145
52 146
52 147
52 150
52 154
52 157
52 158
52 162
52 163
52 165
52 166
52 167
52 169
52 171
52 172
52 174
52 177
52 180
52 181
52 182
52 183
52 184
52 185
52 187
52 188
52 189
52 190
52 193
52 194
52 195
52 196
52 199
52 201
52 202
52 204
52 207
52 208
52 209
52 210
52 212
52 214
52 216
52 217
52 219
52 220
52 223
52 224
52 226
52 227
52 232
52 233
52 235
52 237
52 239
52 240
52 242
52 243
52 246
52 247
52 248
52 251
52 252
53 86
53 87
53 88
53 89
53 91
53 92
53 93
53 94
53 96
53 98
53 101
53 102
53 104
53 105
53 106
53 108
53 111
53 112
53 113
53 116
53 117
53 121
53 124
53 125
53 126
53 131
53 132
53 133
53 134
53 139
53 140
53 141
53 145
53 147
53 148
53 149
53 150
53 151
53 152
53 153
53 154
53 157
53 158
53 162
53 164
53 165
53 166
53 168
53 174
53 175
53 177
53 178
53 180
53 182
53 185
53 186
53 187
53 188
53 189
53 190
53 191
53 192
53 193
53 194
53 196
53 197
53 198
53 201
53 203
53 204
53 207
53 208
53 212
53 218
53 220
53 221
53 222
53 223
53 225
53 227
53 232
53 234
53 235
53 237
53 238
53 240
53 241
53 243
53 244
53 246
53 247
53 249
53 250
53 251
53 252
54 85
54 86
54 93
54 94
54 99
54 100
54 101
54 102
54 103
54 104
54 105
54 106
54 107
54 110
54 114
54 116
54 118
54 119
54 121
54 124
54 126
54 128
54 132
54 133
54 134
54 135
54 136
54 138
54 139
54 140
54 141
54 142
54 146
54 147
54 148
54 153
54 154
54 157
54 159
54 160
54 162
54 169
54 174
54 177
54 178
54 179
54 181
54 184
54 185
54 186
54 187
54 189
54 192
54 195
54 196
54 197
54 198
54 199
54 201
54 205
54 206
54 209
54 210
54 211
54 213
54 215
54 216
54 218
54 219
54 221
54 223
54 227
54 228
54 230
54 232
54 233
54 234
54 236
54 239
54 243
54 245
54 246
54 247
54 248
54 251
55 85
55 87
55 94
55 95
55 96
55 100
55 101
55 102
55 104
55 108
55 109
55 112
55 114
55 117
55 118
55 119
55 120
55 121
55 122
55 124
55 126
55 128
55 129
55 130
55 131
55 133
55 135
55 136
55 137
55 145
55 146
55 147
55 150
55 155
55 157
55 158
55 159
55 160
55 163
55 164
55 166
55 167
55 169
55 170
55 172
55 174
55 175
55 178
55 179
55 181
55 183
55 185
55 186
55 190
55 192
55 193
55 194
55 198
55 199
55 204
55 206
55 209
55 210
55 212
55 214
55 215
55 216
55 217
55 218
55 220
55 221
55 223
55 224
55 225
55 233
55 234
55 235
55 237
55 238
55 239
55 246
55 248
55 249
55 250
55 251
55 252
56 86
56 87
56 88
56 91
56 94
56 95
56 96
56 100
56 102
56 103
56 108
56 109
56 111
56 114
56 115
56 117
56 118
56 120
56 122
56 123
56 124
56 126
56 130
56 132
56 133
56 134
56 135
56 136
56 137
56 138
56 141
56 144
56 145
56 146
56 147
56 150
56 153
56 158
56 159
56 160
56 162
56 164
56 165
56 168
56 174
56 178
56 182
56 184
56 185
56 186
56 187
56 189
56 191
56 195
56 198
56 200
56 202
56 203
56 204
56 205
56 207
56 208
56 210
56 212
56 213
56 214
56 215
56 219
56 221
56 223
56 226
56 228
56 229
56 231
56 235
56 237
56 239
56 243
56 246
56 250
56 251
57 86
57 87
57 89
57 92
57 94
57 102
57 103
57 104
57 106
57 107
57 110
57 112
57 113
57 116
57 120
57 124
57 125
57 127
57 128
57 129
57 130
57 133
57 136
57 139
57 143
57 144
57 148
57 149
57 153
57 155
57 160
57 162
57 163
57 167
57 168
57 169
57 170
57 173
57 174
57 175
57 177
57 179
57 182
57 184
57 190
57 191
57 193
57 198
57 200
57 202
57 203
57 207
57 208
57 209
57 211
57 213
57 214
57 216
57 218
57 219
57 224
57 226
57 228
57 229
57 232
57 233
57 235
57 236
57 241
57 245
57 246
57 248
57 251
57 252
58 88
58 89
58 90
58 91
58 94
58 95
58 96
58 99
58 100
58 101
58 102
58 104
58 105
58 106
58 107
58 108
58 109
58 110
58 112
58 119
58 120
58 121
58 124
58 125
58 126
58 128
58 129
58 131
58 132
58 133
58 136
58 137
58 138
58 139
58 141
58 143
58 144
58 145
58 146
58 150
58 153
58 156
58 157
58 159
58 163
58 165
58 166
58 169
58 170
58 172
58 173
58 175
58 176
58 177
58 183
58 185
58 186
58 187
58 191
58 192
58 194
58 195
58 196
58 200
58 202
58 203
58 204
58 205
58 208
58 210
58 211
58 212
58 217
58 219
58 220
58 223
58 227
58 228
58 230
58 234
58 240
58 241
58 243
58 244
58 246
58 251
58 252
59 85
59 87
59 88
59 89
59 93
59 96
59 97
59 99
59 100
59 101
59 102
59 104
59 106
59 109
59 112
59 113
59 114
59 117
59 118
59 119
59 120
59 121
59 122
59 126
59 127
59 130
59 131
59 133
59 134
59 136
59 137
59 138
59 139
59 140
59 142
59 143
59 146
59 147
59 148
59 152
59 153
59 154
59 155
59 156
59 162
59 164
59 170
59 172
59 174
59 175
59 178
59 179
59 181
59 182
59 186
59 188
59 189
59 190
59 193
59 194
59 195
59 197
59 199
59 201
59 205
59 206
59 208
59 211
59 213
59 214
59 216
59 218
59 220
59 221
59 223
59 224
59 225
59 226
59 227
59 228
59 229
59 230
59 231
59 233
59 235
59 238
59 243
59 244
59 245
59 247
59 250
59 251
60 88
60 90
60 92
60 95
60 96
60 98
60 101
60 102
60 105
60 110
60 112
60 113
60 115
60 116
60 118
60 119
60 120
60 122
60 124
60 125
60 128
60 129
60 131
60 133
60 135
60 136
60 140
60 142
60 144
60 146
60 147
60 150
60 154
60 158
60 160
60 161
60 162
60 163
60 164
60 165
60 167
60 170
60 171
60 174
60 177
60 178
60 181
60 182
60 185
60 189
60 190
60 192
60 193
60 194
60 195
60 196
60 197
60 198
60 202
60 203
60 206
60 207
60 209
60 212
60 213
60 215
60 216
60 222
60 223
60 225
60 226
60 227
60 229
60 230
60 232
60 235
60 237
60 238
60 239
60 240
60 244
60 245
60 250
60 251
61 87
61 89
61 92
61 94
61 96
61 102
61 104
61 107
61 112
61 117
61 119
61 120
61 123
61 124
61 125
61 128
61 131
61 132
61 133
61 135
61 136
61 138
61 139
61 143
61 149
61 150
61 151
61 153
61 155
61 156
61 162
61 163
61 164
61 167
61 168
61 173
61 174
61 177
61 178
61 185
61 187
61 188
61 189
61 191
61 194
61 195
61 196
61 197
61 198
61 200
61 204
61 205
61 206
61 207
61 211
61 213
61 214
61 215
61 217
61 218
61 219
61 225
61 226
61 227
61 228
61 232
61 233
61 234
61 235
61 238
61 239
61 240
61 241
61 244
61 245
61 246
61 249
61 250
61 251
61 252
62 95
62 98
62 99
62 105
62 107
62 109
62 110
62 111
62 112
62 114
62 120
62 121
62 127
62 128
62 130
62 131
62 132
62 133
62 137
62 138
62 142
62 143
62 144
62 150
62 151
62 152
62 153
62 155
62 157
62 159
62 160
62 162
62 164
62 165
62 167
62 173
62 176
62 178
62 181
62 184
62 186
62 189
62 192
62 196
62 197
62 198
62 199
62 200
62 201
62 202
62 203
62 207
62 209
62 210
62 212
62 216
62 221
62 222
62 223
62 224
62 225
62 228
62 230
62 231
62 232
62 233
62 235
62 236
62 237
62 238
62 239
62 241
62 243
62 244
62 246
62 247
62 249
62 250
63 86
63 87
63 89
63 90
63 91
63 95
63 97
63 99
63 100
63 101
63 102
63 103
63 104
63 107
63 110
63 113
63 114
63 117
63 118
63 122
63 124
63 126
63 132
63 134
63 137
63 140
63 141
63 145
63 146
63 148
63 149
63 150
63 153
63 158
63 162
63 163
63 166
63 168
63 169
63 173
63 174
63 175
63 176
63 181
63 182
63 188
63 189
63 191
63 194
63 195
63 197
63 199
63 200
63 201
63 202
63 203
63 206
63 211
63 212
63 216
63 217
63 219
63 222
63 225
63 229
63 232
63 234
63 236
63 237
63 238
63 239
63 242
63 243
63 244
63 247
63 252
64 89
64 91
64 93
64 95
64 98
64 100
64 103
64 107
64 108
64 111
64 113
64 114
64 115
64 117
64 118
64 119
64 121
64 125
64 128
64 129
64 130
64 132
64 133
64 135
64 136
64 137
64 138
64 140
64 141
64 145
64 146
64 148
64 156
64 157
64 158
64 159
64 160
64 162
64 163
64 165
64 167
64 171
64 172
64 175
64 176
64 179
64 183
64 184
64 186
64 189
64 190
64 191
64 193
64 196
64 197
64 198
64 200
64 201
64 204
64 205
64 206
64 209
64 211
64 212
64 213
64 215
64 216
64 217
64 221
64 224
64 225
64 228
64 232
64 234
64 235
64 236
64 239
64 240
64 243
64 246
64 247
65 85
65 87
65 88
65 91
65 92
65 93
65 98
65 103
65 104
65 108
65 110
65 112
65 114
65 115
65 116
65 121
65 123
65 125
65 126
65 129
65 130
65 131
65 132
65 134
65 135
65 138
65 139
65 142
65 145
65 146
65 148
65 149
65 152
65 155
65 159
65 160
65 162
65 164
65 165
65 169
65 171
65 174
65 176
65 179
65 180
65 183
65 190
65 191
65 192
65 193
65 194
65 195
65 197
65 198
65 199
65 201
65 203
65 204
65 210
65 213
65 216
65 219
65 223
65 225
65 226
65 230
65 231
65 232
65 233
65 237
65 238
65 244
65 246
65 247
65 249
65 250
65 251
66 85
66 86
66 89
66 90
66 92
66 93
66 95
66 97
66 98
66 99
66 100
66 101
66 105
66 106
66 108
66 110
66 111
66 115
66 117
66 119
66 120
66 121
66 122
66 130
66 132
66 133
66 136
66 139
66 140
66 141
66 147
66 151
66 152
66 155
66 162
66 163
66 164
66 165
66 166
66 169
66 170
66 171
66 173
66 174
66 175
66 177
66 178
66 180
66 182
66 184
66 189
66 190
66 192
66 194
66 196
66 198
66 199
66 200
66 202
66 204
66 207
66 208
66 209
66 211
66 213
66 214
66 217
66 219
66 222
66 223
66 224
66 225
66 226
66 230
66 231
66 232
66 235
66 236
66 237
66 239
66 240
66 244
66 245
66 246
66 247
67 86
67 88
67 90
67 91
67 93
67 98
67 101
67 103
67 104
67 107
67 108
67 113
67 116
67 118
67 121
67 123
67 125
67 126
67 129
67 132
67 134
67 137
67 139
67 140
67 148
67 151
67 152
67 153
67 160
67 162
67 163
67 165
67 166
67 168
67 169
67 170
67 173
67 174
67 175
67 176
67 178
67 180
67 182
67 186
67 187
67 188
67 189
67 191
67 193
67 195
67 197
67 198
67 199
67 207
67 208
67 210
67 215
67 216
67 217
67 218
67 220
67 221
67 223
67 225
67 226
67 227
67 229
67 231
67 232
67 234
67 235
67 237
67 238
67 240
67 243
67 245
67 246
67 248
67 249
67 250
67 251
67 252
68 85
68 87
68 88
68 90
68 94
68 98
68 100
68 104
68 105
68 108
68 109
68 110
68 111
68 113
68 115
68 116
68 118
68 119
68 120
68 123
68 125
68 127
68 128
68 129
68 131
68 136
68 140
68 141
68 142
68 144
68 145
68 146
68 148
68 150
68 153
68 158
68 160
68 161
68 162
68 164
68 167
68 170
68 171
68 174
68 175
68 178
68 179
68 183
68 184
68 185
68 187
68 192
68 194
68 195
68 197
68 198
68 199
68 200
68 201
68 202
68 204
68 209
68 210
68 211
68 213
68 214
68 216
68 220
68 221
68 222
68 223
68 225
68 226
68 227
68 232
68 236
68 237
68 238
68 239
68 241
68 242
68 244
68 245
68 247
68 248
68 249
68 250
68 251
69 87
69 89
69 91
69 92
69 93
69 94
69 95
69 97
69 100
69 101
69 102
69 103
69 105
69 107
69 108
69 111
69 112
69 114
69 115
69 119
69 120
69 121
69 122
69 123
69 129
69 130
69 131
69 133
69 137
69 139
69 140
69 142
69 145
69 146
69 150
69 151
69 156
69 157
69 161
69 162
69 163
69 164
69 165
69 166
69 170
69 174
69 177
69 178
69 179
69 180
69 181
69 182
69 184
69 185
69 186
69 188
69 191
69 193
69 194
69 195
69 197
69 202
69 203
69 205
69 206
69 208
69 209
69 212
69 213
69 216
69 218
69 222
69 223
69 225
69 226
69 227
69 228
69 231
69 233
69 234
69 235
69 242
69 243
69 244
69 245
69 246
69 249
70 87
70 89
70 91
70 95
70 96
70 98
70 99
70 105
70 107
70 108
70 109
70 110
70 112
70 114
70 115
70 116
70 117
70 123
70 125
70 127
70 128
70 130
70 131
70 133
70 134
70 135
70 136
70 137
70 142
70 145
70 147
70 148
70 152
70 154
70 155
70 156
70 157
70 158
70 161
70 163
70 165
70 170
70 171
70 172
70 175
70 176
70 177
70 180
70 184
70 185
70 190
70 193
70 199
70 200
70 201
70 203
70 205
70 206
70 207
70 210
70 211
70 212
70 213
70 216
70 217
70 219
70 226
70 227
70 228
70 229
70 233
70 234
70 235
70 236
70 238
70 239
70 244
70 245
70 247
70 248
70 251
70 252
71 85
71 88
71 90
71 91
71 95
71 98
71 99
71 102
71 104
71 105
71 109
71 110
71 113
71 114
71 118
71 122
71 123
71 126
71 128
71 129
71 131
71 132
71 133
71 136
71 138
71 142
71 145
71 146
71 149
71 150
71 152
71 156
71 157
71 158
71 160
71 161
71 164
71 165
71 166
71 168
71 170
71 173
71 176
71 181
71 182
71 186
71 187
71 188
71 191
71 193
71 194
71 195
71 196
71 199
71 200
71 201
71 203
71 209
71 210
71 214
71 215
71 216
71 217
71 219
71 223
71 225
71 227
71 228
71 231
71 232
71 239
71 240
71 241
71 242
71 245
71 246
71 247
71 249
71 250
71 251
71 252
72 86
72 89
72 90
72 93
72 98
72 100
72 108
72 109
72 111
72 114
72 116
72 118
72 119
72 120
72 124
72 125
72 127
72 129
72 130
72 133
72 135
72 137
72 142
72 144
72 145
72 146
72 147
72 152
72 153
72 154
72 155
72 156
72 157
72 158
72 159
72 160
72 161
72 163
72 166
72 167
72 171
72 173
72 174
72 175
72 176
72 177
72 179
72 180
72 181
72 182
72 184
72 185
72 187
72 188
72 189
72 191
72 193
72 194
72 195
72 199
72 202
72 204
72 209
72 212
72 213
72 214
72 215
72 216
72 218
72 220
72 221
72 227
72 228
72 230
72 231
72 236
72 237
72 240
72 241
72 242
72 243
72 244
72 246
72 247
72 248
72 249
72 250
72 251
72 252
73 87
73 89
73 90
73 93
73 95
73 96
73 98
73 99
73 102
73 103
73 105
73 106
73 113
73 114
73 115
73 118
73 119
73 120
73 122
73 124
73 125
73 126
73 127
73 128
73 129
73 131
73 137
73 139
73 140
73 143
73 150
73 152
73 158
73 161
73 163
73 166
73 169
73 170
73 173
73 175
73 178
73 179
73 180
73 182
73 186
73 188
73 189
73 190
73 191
73 193
73 194
73 197
73 198
73 199
73 200
73 201
73 202
73 203
73 204
73 206
73 208
73 209
73 210
73 212
73 215
73 218
73 219
73 220
73 221
73 224
73 226
73 228
73 231
73 234
73 235
73 236
73 238
73 240
73 246
73 247
73 250
73 251
73 252
74 86
74 87
74 88
74 89
74 90
74 91
74 94
74 95
74 96
74 98
74 105
74 113
74 114
74 116
74 117
74 120
74 121
74 123
74 126
74 127
74 128
74 130
74 131
74 132
74 134
74 136
74 137
74 138
74 140
74 141
74 144
74 145
74 149
74 150
74 151
74 153
74 157
74 158
74 160
74 161
74 162
74 164
74 165
74 166
74 167
74 169
74 172
74 173
74 175
74 177
74 178
74 182
74 184
74 185
74 186
74 187
74 189
74 190
74 191
74 192
74 193
74 194
74 199
74 200
74 201
74 204
74 206
74 207
74 208
74 211
74 212
74 213
74 215
74 216
74 218
74 220
74 223
74 225
74 226
74 227
74 228
74 229
74 230
74 232
74 233
74 236
74 238
74 239
74 240
74 241
74 243
74 246
74 248
74 249
74 250
74 252
75 86
75 90
75 91
75 92
75 96
75 98
75 99
75 100
75 101
75 103
75 104
75 106
75 107
75 109
75 111
75 112
75 114
75 120
75 121
75 126
75 127
75 128
75 129
75 131
75 132
75 133
75 135
75 137
75 138
75 140
75 142
75 144
75 145
75 146
75 147
75 148
75 149
75 158
75 160
75 163
75 164
75 165
75 168
75 170
75 171
75 174
75 175
75 176
75 177
75 178
75 185
75 187
75 189
75 190
75 191
75 192
75 194
75 196
75 198
75 201
75 203
75 205
75 206
75 209
75 211
75 212
75 213
75 214
75 216
75 217
75 218
75 221
75 230
75 231
75 232
75 236
75 239
75 241
75 242
75 244
75 246
75 247
76 87
76 88
76 89
76 92
76 93
76 96
76 102
76 103
76 104
76 105
76 107
76 115
76 116
76 118
76 120
76 121
76 123
76 125
76 126
76 128
76 129
76 131
76 132
76 135
76 136
76 139
76 140
76 142
76 144
76 145
76 147
76 148
76 149
76 150
76 151
76 153
76 158
76 162
76 164
76 166
76 167
76 168
76 169
76 170
76 172
76 174
76 177
76 179
76 181
76 182
76 186
76 187
76 189
76 190
76 192
76 193
76 194
76 196
76 197
76 198
76 201
76 203
76 205
76 207
76 211
76 213
76 215
76 216
76 218
76 219
76 220
76 222
76 223
76 227
76 230
76 235
76 237
76 240
76 244
76 245
76 246
76 248
76 249
76 250
77 85
77 86
77 90
77 92
77 93
77 96
77 97
77 98
77 100
77 101
77 102
77 103
77 105
77 108
77 109
77 110
77 112
77 114
77 116
77 118
77 119
77 120
77 124
77 125
77 126
77 127
77 129
77 131
77 132
77 133
77 134
77 137
77 138
77 139
77 142
77 145
77 146
77 148
77 149
77 153
77 156
77 157
77 158
77 161
77 162
77 165
77 166
77 169
77 170
77 171
77 173
77 175
77 177
77 178
77 179
77 180
77 181
77 183
77 185
77 186
77 187
77 188
77 189
77 191
77 192
77 194
77 195
77 197
77 199
77 200
77 201
77 205
77 206
77 209
77 211
77 215
77 217
77 222
77 225
77 226
77 228
77 229
77 230
77 231
77 234
77 235
77 237
77 241
77 242
77 244
77 247
77 248
78 86
78 87
78 88
78 89
78 92
78 96
78 97
78 99
78 102
78 103
78 105
78 106
78 107
78 108
78 109
78 112
78 114
78 118
78 120
78 121
78 122
78 129
78 130
78 132
78 133
78 134
78 135
78 138
78 139
78 140
78 141
78 145
78 146
78 147
78 148
78 150
78 151
78 152
78 155
78 157
78 158
78 162
78 164
78 165
78 168
78 169
78 170
78 172
78 173
78 175
78 176
78 177
78 178
78 179
78 180
78 181
78 182
78 183
78 186
78 187
78 188
78 190
78 191
78 195
78 196
78 197
78 198
78 199
78 200
78 207
78 208
78 209
78 213
78 215
78 217
78 219
78 221
78 222
78 225
78 226
78 227
78 231
78 232
78 234
78 235
78 236
78 237
78 238
78 239
78 246
78 248
78 249
78 250
78 252
79 86
79 88
79 91
79 92
79 93
79 97
79 100
79 101
79 102
79 103
79 105
79 110
79 111
79 112
79 113
79 114
79 115
79 117
79 120
79 125
79 126
79 128
79 131
79 134
79 138
79 139
79 143
79 144
79 149
79 157
79 158
79 159
79 160
79 162
79 166
79 167
79 168
79 169
79 170
79 172
79 173
79 175
79 176
79 177
79 180
79 181
79 185
79 187
79 189
79 190
79 191
79 192
79 193
79 194
79 197
79 199
79 200
79 203
79 204
79 206
79 207
79 208
79 210
79 213
79 214
79 216
79 217
79 218
79 219
79 220
79 221
79 222
79 223
79 224
79 225
79 226
79 229
79 230
79 231
79 232
79 233
79 235
79 238
79 239
79 244
79 246
79 247
79 249
79 250
80 87
80 88
80 89
80 90
80 94
80 98
80 99
80 100
80 103
80 105
80 106
80 108
80 113
80 116
80 118
80 121
80 122
80 126
80 130
80 131
80 132
80 134
80 138
80 139
80 143
80 144
80 145
80 147
80 148
80 150
80 151
80 152
80 155
80 156
80 157
80 159
80 161
80 162
80 163
80 168
80 171
80 173
80 174
80 176
80 179
80 184
80 185
80 186
80 187
80 194
80 195
80 197
80 198
80 200
80 202
80 203
80 204
80 205
80 207
80 209
80 211
80 212
80 213
80 214
80 216
80 217
80 218
80 219
80 222
80 223
80 225
80 227
80 228
80 229
80 230
80 231
80 235
80 236
80 241
80 243
80 245
80 249
80 251
80 252
81 85
81 90
81 91
81 94
81 95
81 97
81 99
81 101
81 102
81 103
81 104
81 106
81 108
81 109
81 110
81 111
81 112
81 113
81 114
81 116
81 117
81 118
81 119
81 120
81 122
81 123
81 124
81 125
81 128
81 130
81 133
81 136
81 137
81 138
81 139
81 142
81 143
81 144
81 145
81 146
81 148
81 150
81 151
81 154
81 159
81 163
81 164
81 165
81 166
81 167
81 169
81 170
81 171
81 173
81 174
81 178
81 179
81 181
81 182
81 185
81 188
81 189
81 190
81 192
81 194
81 195
81 196
81 199
81 202
81 203
81 207
81 209
81 211
81 212
81 213
81 219
81 220
81 223
81 226
81 231
81 232
81 233
81 234
81 237
81 244
81 245
81 246
81 248
81 251
81 252
82 86
82 87
82 88
82 89
82 94
82 95
82 96
82 97
82 102
82 105
82 109
82 111
82 112
82 115
82 116
82 118
82 119
82 121
82 122
82 123
82 124
82 125
82 129
82 131
82 132
82 133
82 136
82 138
82 140
82 141
82 143
82 146
82 151
82 152
82 154
82 157
82 158
82 161
82 162
82 163
82 167
82 169
82 170
82 172
82 175
82 176
82 178
82 179
82 181
82 182
82 183
82 185
82 188
82 189
82 191
82 192
82 193
82 197
82 198
82 199
82 200
82 202
82 203
82 204
82 210
82 215
82 216
82 229
82 230
82 231
82 233
82 235
82 236
82 240
82 242
82 243
82 245
82 247
82 248
82 249
82 250
83 85
83 86
83 88
83 93
83 95
83 96
83 99
83 101
83 103
83 106
83 108
83 112
83 115
83 116
83 120
83 122
83 123
83 124
83 125
83 127
83 129
83 132
83 134
83 135
83 137
83 143
83 145
83 146
83 149
83 155
83 156
83 157
83 160
83 161
83 162
83 163
83 167
83 168
83 169
83 172
83 174
83 175
83 176
83 179
83 182
83 183
83 184
83 186
83 187
83 189
83 190
83 193
83 194
83 196
83 199
83 201
83 203
83 206
83 214
83 215
83 216
83 219
83 221
83 231
83 232
83 233
83 234
83 236
83 237
83 238
83 239
83 243
83 244
83 245
83 246
83 247
83 248
83 251
84 87
84 89
84 90
84 92
84 93
84 94
84 96
84 97
84 98
84 100
84 101
84 104
84 105
84 107
84 111
84 112
84 114
84 115
84 116
84 117
84 119
84 120
84 122
84 127
84 128
84 130
84 135
84 137
84 139
84 140
84 143
84 144
84 146
84 148
84 149
84 150
84 151
84 153
84 155
84 156
84 159
84 160
84 161
84 162
84 163
84 164
84 166
84 170
84 175
84 177
84 178
84 182
84 186
84 190
84 191
84 197
84 198
84 199
84 200
84 201
84 204
84 205
84 210
84 212
84 213
84 215
84 217
84 218
84 220
84 226
84 230
84 231
84 234
84 240
84 242
84 250
84 251
85 169
85 170
85 173
85 174
85 178
85 179
85 180
85 181
85 187
85 188
85 190
85 191
85 192
85 193
85 194
85 203
85 204
85 208
85 210
85 212
85 214
85 215
85 219
85 220
85 229
85 232
85 234
85 235
85 236
85 242
85 243
85 248
85 252
86 169
86 171
86 172
86 176
86 178
86 180
86 185
86 187
86 188
86 195
86 196
86 198
86 199
86 200
86 201
86 203
86 204
86 206
86 207
86 209
86 210
86 211
86 214
86 216
86 217
86 220
86 223
86 224
86 225
86 228
86 231
86 232
86 233
86 234
86 235
86 237
86 238
86 239
86 242
86 244
86 246
86 252
87 171
87 173
87 177
87 179
87 180
87 181
87 183
87 184
87 185
87 186
87 191
87 192
87 194
87 195
87 198
87 200
87 201
87 203
87 206
87 207
87 209
87 211
87 212
87 214
87 215
87 221
87 223
87 224
87 228
87 230
87 231
87 232
87 234
87 235
87 236
87 238
87 240
87 241
87 242
87 243
87 244
87 246
87 247
87 248
87 252
88 169
88 171
88 173
88 174
88 177
88 178
88 180
88 181
88 182
88 185
88 192
88 194
88 202
88 205
88 214
88 215
88 217
88 218
88 219
88 220
88 223
88 225
88 226
88 228
88 229
88 230
88 232
88 238
88 239
88 241
88 243
88 244
88 245
88 246
88 247
88 249
89 171
89 172
89 178
89 180
89 182
89 183
89 184
89 185
89 186
89 189
89 191
89 193
89 197
89 198
89 200
89 202
89 203
89 206
89 213
89 214
89 215
89 216
89 219
89 221
89 222
89 226
89 227
89 230
89 233
89 234
89 235
89 237
89 239
89 243
89 244
89 245
89 247
89 251
89 252
90 172
90 173
90 176
90 177
90 178
90 180
90 181
90 183
90 187
90 188
90 190
90 191
90 192
90 193
90 195
90 198
90 199
90 202
90 203
90 204
90 205
90 207
90 208
90 209
90 212
90 213
90 216
90 218
90 221
90 224
90 225
90 226
90 227
90 228
90 232
90 233
90 234
90 240
90 242
90 244
90 247
90 249
90 250
90 251
90 252
91 169
91 172
91 174
91 178
91 182
91 192
91 193
91 194
91 195
91 198
91 199
91 200
91 202
91 204
91 206
91 208
91 209
91 211
91 212
91 214
91 215
91 216
91 218
91 220
91 222
91 226
91 233
91 238
91 239
91 240
91 241
91 242
91 243
91 244
91 247
91 248
91 249
91 250
91 251
92 170
92 171
92 172
92 173
92 177
92 180
92 181
92 183
92 184
92 185
92 188
92 189
92 190
92 193
92 194
92 196
92 198
92 199
92 200
92 202
92 204
92 210
92 211
92 214
92 215
92 219
92 220
92 223
92 226
92 228
92 231
92 232
92 233
92 234
92 235
92 236
92 238
92 239
92 241
92 243
92 245
92 247
92 248
92 251
93 170
93 171
93 175
93 177
93 178
93 182
93 184
93 186
93 188
93 189
93 191
93 192
93 193
93 194
93 195
93 197
93 198
93 211
93 215
93 216
93 217
93 220
93 222
93 224
93 225
93 226
93 227
93 230
93 231
93 232
93 240
93 241
93 242
93 243
93 244
93 245
93 246
93 249
94 170
94 171
94 174
94 175
94 176
94 180
94 183
94 184
94 185
94 188
94 189
94 190
94 191
94 192
94 193
94 195
94 199
94 200
94 201
94 202
94 203
94 204
94 208
94 210
94 212
94 213
94 214
94 215
94 217
94 218
94 219
94 222
94 223
94 224
94 225
94 228
94 230
94 231
94 233
94 234
94 235
94 238
94 239
94 240
94 243
94 244
94 248
95 169
95 176
95 177
95 178
95 181
95 187
95 190
95 191
95 193
95 194
95 197
95 198
95 200
95 201
95 202
95 203
95 205
95 208
95 213
95 214
95 215
95 218
95 219
95 222
95 225
95 226
95 227
95 229
95 230
95 231
95 232
95 235
95 237
95 238
95 243
95 247
95 248
95 250
96 172
96 173
96 174
96 175
96 176
96 177
96 179
96 184
96 185
96 187
96 188
96 189
96 190
96 201
96 202
96 203
96 205
96 207
96 209
96 210
96 211
96 212
96 214
96 215
96 219
96 220
96 222
96 225
96 227
96 228
96 231
96 234
96 235
96 240
96 243
96 245
96 248
96 249
96 250
96 252
97 171
97 172
97 174
97 175
97 176
97 180
97 181
97 188
97 189
97 193
97 195
97 198
97 202
97 203
97 204
97 205
97 206
97 207
97 213
97 214
97 221
97 222
97 223
97 224
97 225
97 227
97 232
97 234
97 235
97 236
97 237
97 238
97 239
97 242
97 243
97 244
97 246
97 249
97 250
97 251
97 252
98 170
98 171
98 175
98 178
98 181
98 182
98 184
98 185
98 187
98 188
98 189
98 190
98 193
98 197
98 198
98 199
98 201
98 202
98 204
98 205
98 207
98 210
98 213
98 216
98 217
98 218
98 219
98 223
98 224
98 225
98 227
98 231
98 234
98 235
98 243
98 244
98 245
98 246
98 247
98 248
98 251
99 169
99 170
99 171
99 173
99 174
99 175
99 176
99 177
99 179
99 180
99 185
99 186
99 192
99 195
99 196
99 199
99 200
99 202
99 204
99 205
99 207
99 208
99 209
99 211
99 212
99 215
99 216
99 217
99 218
99 220
99 222
99 223
99 227
99 228
99 230
99 231
99 233
99 239
99 241
99 242
99 243
99 244
99 247
99 248
99 251
100 169
100 170
100 171
100 172
100 174
100 177
100 179
100 181
100 183
100 186
100 189
100 190
100 193
100 195
100 198
100 200
100 202
100 203
100 207
100 208
100 209
100 211
100 214
100 215
100 217
100 220
100 222
100 223
100 226
100 228
100 229
100 231
100 238
100 241
100 244
100 247
100 251
100 252
101 169
101 170
101 172
101 173
101 175
101 176
101 177
101 178
101 179
101 183
101 184
101 187
101 188
101 189
101 195
101 198
101 199
101 200
101 202
101 203
101 205
101 207
101 209
101 210
101 211
101 212
101 214
101 216
101 217
101 218
101 220
101 221
101 222
101 223
101 225
101 226
101 227
101 228
101 229
101 231
101 237
101 239
101 241
101 245
101 246
101 247
101 248
102 172
102 174
102 176
102 178
102 180
102 185
102 186
102 187
102 188
102 189
102 190
102 192
102 193
102 194
102 195
102 196
102 197
102 198
102 200
102 201
102 202
102 206
102 208
102 210
102 211
102 213
102 214
102 215
102 217
102 218
102 219
102 220
102 221
102 223
102 224
102 225
102 226
102 230
102 231
102 233
102 234
102 237
102 243
102 244
102 246
102 248
102 251
103 169
103 171
103 172
103 174
103 175
103 176
103 177
103 180
103 181
103 183
103 184
103 185
103 189
103 190
103 191
103 195
103 196
103 197
103 198
103 199
103 201
103 205
103 207
103 212
103 213
103 214
103 215
103 216
103 217
103 218
103 219
103 223
103 225
103 227
103 228
103 229
103 231
103 232
103 233
103 234
103 236
103 237
103 239
103 241
103 243
103 246
103 248
103 250
103 251
103 252
104 169
104 170
104 173
104 174
104 175
104 178
104 180
104 181
104 182
104 183
104 184
104 186
104 187
104 193
104 194
104 195
104 196
104 199
104 200
104 201
104 207
104 208
104 209
104 211
104 214
104 215
104 217
104 218
104 223
104 224
104 225
104 230
104 231
104 232
104 233
104 235
104 236
104 239
104 240
104 242
104 243
104 244
104 245
104 247
104 251
104 252
105 169
105 171
105 180
105 181
105 183
105 186
105 188
105 191
105 194
105 201
105 205
105 210
105 211
105 213
105 214
105 217
105 219
105 222
105 227
105 229
105 234
105 236
105 240
105 241
105 243
105 247
105 249
106 169
106 172
106 174
106 175
106 178
106 179
106 182
106 184
106 185
106 188
106 189
106 190
106 191
106 192
106 194
106 195
106 200
106 205
106 207
106 211
106 213
106 214
106 216
106 217
106 220
106 221
106 222
106 223
106 224
106 226
106 229
106 230
106 231
106 233
106 235
106 236
106 238
106 239
106 240
106 243
106 245
106 246
106 250
106 251
107 169
107 172
107 174
107 176
107 180
107 181
107 182
107 183
107 184
107 186
107 188
107 189
107 190
107 193
107 194
107 196
107 197
107 204
107 205
107 206
107 207
107 208
107 209
107 210
107 211
107 216
107 219
107 220
107 222
107 224
107 226
107 227
107 228
107 230
107 233
107 236
107 238
107 239
107 244
107 245
107 246
107 249
107 250
107 252
108 169
108 171
108 173
108 174
108 175
108 177
108 178
108 179
108 180
108 181
108 184
108 187
108 188
108 197
108 198
108 200
108 203
108 204
108 205
108 207
108 208
108 210
108 214
108 215
108 219
108 220
108 221
108 222
108 223
108 224
108 225
108 228
108 229
108 230
108 231
108 232
108 234
108 235
108 239
108 240
108 241
108 243
108 248
108 249
108 250
108 251
109 169
109 173
109 176
109 179
109 181
109 182
109 185
109 186
109 187
109 188
109 192
109 193
109 194
109 197
109 198
109 204
109 211
109 212
109 214
109 215
109 216
109 220
109 221
109 222
109 223
109 224
109 225
109 227
109 228
109 229
109 230
109 232
109 234
109 236
109 238
109 239
109 240
109 242
109 243
109 246
109 247
109 248
109 249
109 250
109 252
110 169
110 171
110 172
110 174
110 175
110 177
110 178
110 182
110 186
110 187
110 190
110 192
110 194
110 195
110 196
110 197
110 199
110 201
110 203
110 204
110 205
110 206
110 208
110 210
110 214
110 215
110 217
110 218
110 222
110 225
110 228
110 229
110 230
110 231
110 234
110 236
110 238
110 239
110 242
110 243
110 244
110 245
110 246
110 248
110 249
110 252
111 169
111 171
111 173
111 174
111 175
111 176
111 178
111 179
111 182
111 183
111 187
111 189
111 193
111 194
111 196
111 197
111 198
111 199
111 202
111 204
111 205
111 206
111 207
111 209
111 213
111 214
111 215
111 216
111 217
111 220
111 224
111 229
111 230
111 231
111 232
111 233
111 236
111 238
111 239
111 243
111 246
111 247
111 248
111 249
111 251
111 252
112 169
112 170
112 171
112 173
112 174
112 175
112 177
112 178
112 179
112 187
112 189
112 191
112 194
112 195
112 197
112 198
112 200
112 202
112 203
112 204
112 206
112 208
112 209
112 210
112 218
112 224
112 225
112 227
112 229
112 236
112 238
112 239
112 240
112 243
112 247
112 248
112 250
112 251
112 252
113 173
113 178
113 179
113 180
113 182
113 183
113 185
113 186
113 189
113 190
113 192
113 193
113 201
113 202
113 203
113 205
113 207
113 211
113 212
113 213
113 217
113 218
113 219
113 220
113 221
113 222
113 223
113 224
113 229
113 230
113 231
113 232
113 233
113 236
113 237
113 238
113 239
113 240
113 241
113 242
113 246
113 247
113 249
113 251
113 252
114 169
114 171
114 172
114 173
114 175
114 178
114 179
114 182
114 184
114 186
114 187
114 188
114 189
114 191
114 193
114 196
114 197
114 199
114 200
114 201
114 203
114 207
114 211
114 213
114 216
114 218
114 219
114 220
114 221
114 222
114 224
114 226
114 227
114 229
114 232
114 235
114 237
114 241
114 243
114 245
114 248
114 251
115 172
115 174
115 175
115 180
115 182
115 183
115 184
115 188
115 191
115 192
115 193
115 194
115 197
115 198
115 199
115 201
115 203
115 204
115 207
115 209
115 211
115 212
115 213
115 214
115 217
115 220
115 221
115 223
115 225
115 233
115 234
115 236
115 237
115 239
115 241
115 243
115 247
115 248
116 174
116 175
116 176
116 177
116 180
116 181
116 182
116 183
116 184
116 185
116 186
116 188
116 189
116 190
116 193
116 194
116 195
116 196
116 197
116 199
116 200
116 201
116 203
116 204
116 209
116 210
116 211
116 212
116 213
116 214
116 216
116 217
116 219
116 220
116 221
116 222
116 223
116 226
116 228
116 230
116 231
116 233
116 237
116 238
116 240
116 242
116 243
116 244
116 247
116 248
116 250
116 252
117 170
117 180
117 188
117 189
117 191
117 193
117 195
117 196
117 198
117 200
117 201
117 202
117 203
117 204
117 206
117 207
117 208
117 209
117 213
117 214
117 215
117 217
117 220
117 221
117 223
117 224
117 227
117 228
117 230
117 238
117 240
117 243
117 251
118 169
118 172
118 173
118 176
118 178
118 181
118 183
118 185
118 186
118 187
118 189
118 191
118 192
118 194
118 196
118 199
118 200
118 201
118 202
118 203
118 204
118 205
118 206
118 207
118 208
118 209
118 210
118 211
118 214
118 218
118 220
118 222
118 223
118 224
118 225
118 226
118 229
118 231
118 232
118 233
118 235
118 236
118 237
118 238
118 240
118 241
118 242
118 244
118 246
118 247
119 171
119 174
119 177
119 178
119 179
119 180
119 183
119 185
119 186
119 187
119 188
119 189
119 192
119 196
119 197
119 200
119 202
119 210
119 212
119 214
119 215
119 216
119 218
119 220
119 222
119 224
119 226
119 228
119 230
119 231
119 232
119 237
119 238
119 240
119 249
120 169
120 172
120 177
120 178
120 179
120 181
120 182
120 184
120 185
120 186
120 187
120 188
120 190
120 194
120 195
120 196
120 197
120 199
120 200
120 201
120 203
120 204
120 207
120 209
120 210
120 212
120 213
120 214
120 216
120 218
120 224
120 225
120 226
120 229
120 231
120 232
120 235
120 238
120 240
120 241
120 245
120 246
120 247
120 252
121 171
121 172
121 173
121 174
121 177
121 179
121 180
121 182
121 183
121 184
121 185
121 188
121 189
121 191
121 192
121 196
121 198
121 199
121 200
121 201
121 202
121 203
121 204
121 205
121 207
121 211
121 212
121 213
121 214
121 215
121 216
121 218
121 222
121 224
121 225
121 226
121 227
121 229
121 230
121 233
121 234
121 235
121 236
121 237
121 240
121 241
121 246
121 248
121 249
121 250
121 252
122 170
122 171
122 172
122 174
122 176
122 177
122 179
122 180
122 183
122 184
122 186
122 187
122 188
122 192
122 193
122 194
122 195
122 196
122 198
122 199
122 200
122 202
122 205
122 206
122 208
122 209
122 210
122 211
122 214
122 215
122 216
122 218
122 219
122 220
122 221
122 223
122 224
122 227
122 228
122 229
122 232
122 233
122 235
122 241
122 244
122 246
122 247
122 248
122 252
123 170
123 171
123 174
123 175
123 176
123 180
123 181
123 183
123 186
123 187
123 188
123 189
123 190
123 191
123 192
123 196
123 197
123 200
123 202
123 205
123 207
123 209
123 210
123 216
123 217
123 219
123 224
123 225
123 227
123 228
123 230
123 231
123 232
123 234
123 236
123 237
123 238
123 240
123 241
123 246
123 247
123 249
123 251
124 169
124 170
124 172
124 173
124 177
124 180
124 182
124 185
124 186
124 190
124 191
124 192
124 196
124 197
124 200
124 204
124 206
124 215
124 216
124 219
124 220
124 221
124 225
124 226
124 227
124 228
124 234
124 237
124 239
124 240
124 242
124 243
124 244
124 246
124 247
124 248
124 252
125 169
125 170
125 173
125 174
125 175
125 176
125 177
125 179
125 181
125 182
125 185
125 188
125 189
125 190
125 198
125 199
125 202
125 204
125 205
125 207
125 208
125 210
125 212
125 216
125 218
125 221
125 223
125 225
125 226
125 228
125 231
125 233
125 235
125 236
125 238
125 239
125 240
125 243
125 245
125 246
125 250
126 169
126 172
126 173
126 180
126 182
126 185
126 190
126 196
126 198
126 199
126 200
126 202
126 205
126 208
126 209
126 214
126 216
126 217
126 218
126 220
126 221
126 223
126 224
126 225
126 227
126 228
126 229
126 231
126 239
126 245
126 247
126 248
126 250
126 251
127 169
127 174
127 175
127 177
127 180
127 184
127 186
127 189
127 191
127 192
127 193
127 194
127 195
127 197
127 198
127 199
127 200
127 201
127 202
127 207
127 209
127 214
127 215
127 221
127 222
127 225
127 227
127 228
127 230
127 232
127 233
127 234
127 235
127 236
127 241
127 243
127 245
127 247
127 249
127 250
127 251
127 252
128 169
128 170
128 176
128 177
128 184
128 185
128 186
128 189
128 190
128 191
128 193
128 194
128 196
128 198
128 199
128 200
128 201
128 202
128 203
128 204
128 206
128 207
128 211
128 213
128 216
128 218
128 221
128 222
128 223
128 224
128 225
128 227
128 228
128 230
128 232
128 233
128 234
128 235
128 236
128 239
128 241
128 243
128 244
128 246
128 248
128 249
128 251
128 252
129 174
129 176
129 178
129 179
129 182
129 184
129 185
129 186
129 187
129 191
129 193
129 197
129 199
129 203
129 204
129 205
129 206
129 207
129 210
129 211
129 212
129 215
129 216
129 217
129 218
129 219
129 222
129 223
129 227
129 229
129 230
129 233
129 236
129 237
129 241
129 242
129 248
130 170
130 171
130 172
130 173
130 174
130 175
130 177
130 179
130 180
130 181
130 184
130 188
130 189
130 191
130 192
130 194
130 196
130 197
130 199
130 205
130 206
130 207
130 208
130 210
130 211
130 214
130 215
130 216
130 219
130 221
130 222
130 225
130 226
130 228
130 232
130 233
130 239
130 242
130 243
130 244
130 245
130 246
130 249
130 250
130 251
130 252
131 169
131 170
131 173
131 174
131 176
131 177
131 183
131 184
131 185
131 188
131 192
131 193
131 195
131 197
131 198
131 200
131 201
131 203
131 204
131 205
131 207
131 209
131 212
131 214
131 215
131 216
131 217
131 218
131 219
131 220
131 226
131 231
131 232
131 235
131 237
131 239
131 240
131 242
131 243
131 244
131 245
131 246
131 248
131 249
131 250
131 251
132 170
132 172
132 173
132 174
132 176
132 177
132 179
132 181
132 182
132 183
132 184
132 185
132 186
132 188
132 189
132 191
132 194
132 199
132 200
132 201
132 202
132 204
132 207
132 208
132 210
132 212
132 215
132 218
132 224
132 229
132 232
132 235
132 237
132 238
132 239
132 241
132 245
132 248
132 249
133 169
133 171
133 172
133 174
133 176
133 181
133 182
133 183
133 185
133 189
133 192
133 194
133 195
133 196
133 198
133 199
133 200
133 204
133 206
133 208
133 214
133 216
133 219
133 223
133 225
133 226
133 235
133 237
133 238
133 240
133 242
133 246
133 248
133 250
133 251
133 252
134 171
134 172
134 175
134 180
134 181
134 185
134 187
134 190
134 195
134 198
134 199
134 200
134 201
134 205
134 209
134 211
134 216
134 218
134 222
134 224
134 227
134 228
134 229
134 230
134 233
134 234
134 235
134 240
134 243
134 244
134 245
134 249
134 251
134 252
135 170
135 171
135 173
135 176
135 177
135 181
135 182
135 184
135 186
135 187
135 190
135 192
135 196
135 198
135 199
135 204
135 207
135 208
135 214
135 215
135 219
135 222
135 224
135 229
135 230
135 231
135 232
135 233
135 234
135 235
135 236
135 237
135 241
135 242
135 244
135 249
135 251
136 169
136 174
136 175
136 177
136 178
136 185
136 187
136 188
136 192
136 199
136 203
136 205
136 207
136 208
136 210
136 213
136 215
136 217
136 219
136 221
136 225
136 227
136 230
136 231
136 234
136 235
136 236
136 237
136 238
136 239
136 241
136 242
136 243
136 246
136 248
136 252
137 169
137 170
137 173
137 175
137 176
137 177
137 179
137 180
137 181
137 183
137 185
137 192
137 193
137 195
137 197
137 198
137 199
137 201
137 203
137 207
137 211
137 217
137 222
137 225
137 226
137 227
137 228
137 230
137 231
137 232
137 233
137 235
137 236
137 238
137 239
137 240
137 242
137 243
137 244
137 246
137 250
137 251
137 252
138 170
138 172
138 176
138 177
138 179
138 180
138 181
138 183
138 186
138 188
138 194
138 196
138 197
138 200
138 201
138 202
138 205
138 208
138 211
138 213
138 214
138 215
138 216
138 217
138 221
138 222
138 230
138 232
138 233
138 234
138 236
138 237
138 238
138 240
138 241
138 243
138 245
138 246
138 247
138 248
138 249
138 250
139 170
139 172
139 173
139 176
139 177
139 178
139 180
139 182
139 184
139 187
139 188
139 189
139 190
139 198
139 201
139 203
139 207
139 209
139 214
139 216
139 217
139 219
139 220
139 224
139 235
139 237
139 239
139 240
139 242
139 248
139 250
139 251
139 252
140 170
140 171
140 172
140 173
140 174
140 175
140 177
140 178
140 180
140 181
140 182
140 183
140 184
140 185
140 186
140 187
140 188
140 191
140 197
140 204
140 208
140 209
140 211
140 215
140 216
140 217
140 220
140 223
140 224
140 226
140 228
140 230
140 232
140 234
140 237
140 239
140 240
140 242
140 243
140 246
140 247
140 248
140 249
141 171
141 178
141 179
141 181
141 182
141 188
141 189
141 190
141 191
141 194
141 195
141 196
141 197
141 198
141 203
141 204
141 208
141 210
141 211
141 212
141 216
141 219
141 220
141 223
141 224
141 226
141 227
141 231
141 232
141 234
141 236
141 237
141 242
141 244
141 247
141 249
141 250
141 251
141 252
142 169
142 170
142 171
142 172
142 173
142 175
142 176
142 177
142 180
142 183
142 185
142 187
142 189
142 190
142 191
142 194
142 197
142 198
142 200
142 201
142 203
142 204
142 206
142 207
142 208
142 210
142 212
142 213
142 220
142 221
142 228
142 231
142 235
142 237
142 238
142 241
142 242
142 243
142 249
142 252
143 169
143 170
143 172
143 173
143 175
143 176
143 179
143 182
143 183
143 186
143 189
143 193
143 194
143 197
143 200
143 203
143 204
143 206
143 207
143 213
143 214
143 218
143 221
143 222
143 223
143 227
143 228
143 230
143 231
143 234
143 236
143 237
143 238
143 240
143 243
143 244
143 247
143 248
143 250
143 251
143 252
144 170
144 173
144 175
144 177
144 181
144 182
144 183
144 184
144 189
144 192
144 193
144 194
144 200
144 201
144 203
144 205
144 208
144 211
144 213
144 214
144 215
144 216
144 218
144 223
144 224
144 225
144 226
144 228
144 230
144 235
144 236
144 237
144 238
144 239
144 240
144 242
144 245
144 246
144 247
144 248
145 169
145 170
145 173
145 174
145 177
145 178
145 183
145 186
145 189
145 190
145 191
145 192
145 196
145 197
145 201
145 203
145 204
145 205
145 207
145 208
145 210
145 212
145 213
145 214
145 215
145 217
145 218
145 219
145 222
145 226
145 228
145 230
145 231
145 233
145 235
145 236
145 238
145 239
145 241
145 250
145 252
146 169
146 172
146 174
146 177
146 181
146 183
146 184
146 185
146 186
146 188
146 190
146 191
146 192
146 193
146 194
146 195
146 196
146 200
146 201
146 204
146 206
146 209
146 212
146 215
146 217
146 219
146 220
146 221
146 223
146 224
146 225
146 226
146 228
146 231
146 232
146 234
146 236
146 241
146 243
146 244
146 245
146 247
146 248
146 250
146 251
147 170
147 172
147 173
147 174
147 175
147 177
147 178
147 180
147 181
147 183
147 185
147 189
147 190
147 192
147 198
147 199
147 200
147 201
147 203
147 204
147 205
147 206
147 209
147 211
147 212
147 214
147 216
147 217
147 223
147 224
147 225
147 227
147 229
147 230
147 231
147 232
147 235
147 236
147 242
147 243
147 247
147 248
147 249
147 252
148 171
148 172
148 174
148 175
148 177
148 178
148 180
148 183
148 184
148 186
148 187
148 189
148 191
148 192
148 193
148 195
148 198
148 199
148 200
148 203
148 204
148 206
148 208
148 209
148 211
148 215
148 216
148 217
148 218
148 219
148 221
148 227
148 231
148 232
148 233
148 238
148 242
148 243
148 244
148 245
148 248
148 250
149 174
149 176
149 178
149 180
149 181
149 184
149 186
149 187
149 192
149 193
149 194
149 195
149 196
149 199
149 200
149 212
149 213
149 214
149 219
149 222
149 226
149 227
149 229
149 230
149 231
149 232
149 243
149 251
149 252
150 169
150 173
150 175
150 176
150 177
150 178
150 179
150 181
150 182
150 186
150 187
150 192
150 193
150 194
150 195
150 196
150 197
150 198
150 199
150 202
150 205
150 206
150 207
150 208
150 213
150 214
150 216
150 218
150 219
150 220
150 223
150 225
150 228
150 230
150 231
150 237
150 238
150 239
150 242
150 245
150 247
150 249
150 250
150 251
151 171
151 174
151 175
151 177
151 179
151 183
151 184
151 185
151 190
151 194
151 197
151 198
151 203
151 205
151 206
151 207
151 211
151 214
151 216
151 217
151 220
151 222
151 227
151 228
151 231
151 234
151 236
151 237
151 239
151 240
151 241
151 245
151 246
151 247
151 250
151 252
152 169
152 171
152 172
152 173
152 175
152 176
152 178
152 179
152 182
152 184
152 188
152 190
152 199
152 200
152 203
152 205
152 206
152 209
152 210
152 214
152 215
152 216
152 218
152 221
152 223
152 228
152 230
152 233
152 234
152 238
152 239
152 241
152 243
152 244
152 247
152 248
152 250
152 251
153 169
153 170
153 171
153 172
153 173
153 175
153 177
153 180
153 181
153 184
153 189
153 193
153 195
153 196
153 197
153 199
153 200
153 201
153 205
153 207
153 208
153 210
153 211
153 214
153 215
153 219
153 224
153 225
153 226
153 229
153 231
153 232
153 234
153 236
153 239
153 240
153 241
153 245
153 246
153 249
153 250
153 252
154 172
154 174
154 179
154 183
154 185
154 186
154 187
154 188
154 189
154 194
154 195
154 196
154 200
154 203
154 204
154 205
154 206
154 207
154 211
154 212
154 213
154 214
154 215
154 217
154 219
154 220
154 221
154 224
154 225
154 226
154 227
154 229
154 233
154 238
154 239
154 241
154 243
154 244
154 247
154 250
155 170
155 172
155 175
155 176
155 178
155 180
155 182
155 183
155 184
155 185
155 188
155 191
155 192
155 193
155 194
155 196
155 197
155 198
155 199
155 204
155 207
155 208
155 211
155 212
155 214
155 215
155 216
155 217
155 218
155 219
155 220
155 224
155 225
155 229
155 231
155 234
155 237
155 238
155 239
155 240
155 241
155 244
155 247
155 248
155 250
156 169
156 173
156 174
156 175
156 176
156 177
156 179
156 182
156 185
156 189
156 190
156 192
156 198
156 200
156 203
156 204
156 205
156 206
156 208
156 210
156 212
156 213
156 214
156 219
156 223
156 224
156 226
156 228
156 229
156 231
156 232
156 233
156 234
156 237
156 239
156 240
156 241
156 242
156 243
156 249
156 250
157 169
157 172
157 174
157 175
157 181
157 182
157 184
157 186
157 189
157 195
157 196
157 198
157 200
157 201
157 203
157 207
157 210
157 211
157 212
157 213
157 214
157 215
157 218
157 225
157 229
157 231
157 232
157 233
157 236
157 240
157 243
157 246
157 247
157 248
157 249
157 250
157 251
157 252
158 169
158 171
158 172
158 178
158 179
158 181
158 182
158 184
158 186
158 187
158 190
158 191
158 193
158 194
158 195
158 196
158 199
158 201
158 202
158 203
158 204
158 205
158 206
158 211
158 212
158 213
158 215
158 217
158 218
158 219
158 221
158 225
158 227
158 228
158 229
158 230
158 232
158 234
158 235
158 241
158 242
158 243
158 246
158 247
158 249
158 251
159 170
159 177
159 180
159 181
159 182
159 183
159 184
159 186
159 191
159 193
159 196
159 197
159 198
159 201
159 203
159 204
159 209
159 210
159 212
159 213
159 215
159 217
159 218
159 220
159 222
159 223
159 225
159 226
159 229
159 231
159 234
159 237
159 239
159 243
159 244
159 245
159 246
159 248
159 249
159 251
159 252
160 169
160 170
160 172
160 173
160 175
160 181
160 188
160 191
160 192
160 193
160 194
160 195
160 196
160 198
160 199
160 202
160 203
160 205
160 207
160 209
160 219
160 220
160 226
160 227
160 228
160 229
160 230
160 231
160 232
160 236
160 237
160 240
160 242
160 244
160 245
160 247
160 251
161 169
161 170
161 173
161 174
161 175
161 177
161 181
161 183
161 185
161 188
161 198
161 200
161 202
161 203
161 205
161 209
161 210
161 213
161 215
161 217
161 221
161 223
161 227
161 229
161 230
161 233
161 234
161 237
161 238
161 239
161 240
161 243
161 244
161 245
161 246
161 247
161 251
162 172
162 173
162 174
162 176
162 178
162 179
162 180
162 181
162 182
162 183
162 185
162 188
162 191
162 193
162 196
162 198
162 199
162 200
162 201
162 202
162 204
162 208
162 211
162 212
162 213
162 214
162 215
162 223
162 228
162 230
162 232
162 234
162 235
162 238
162 239
162 242
162 244
162 245
162 246
162 247
162 248
162 249
162 252
163 174
163 176
163 177
163 178
163 179
163 180
163 182
163 183
163 186
163 187
163 188
163 189
163 191
163 193
163 195
163 197
163 199
163 200
163 202
163 203
163 205
163 206
163 208
163 210
163 212
163 213
163 216
163 217
163 219
163 221
163 223
163 226
163 227
163 230
163 232
163 236
163 237
163 238
163 239
163 242
163 245
163 246
163 247
163 248
163 252
164 170
164 171
164 173
164 174
164 179
164 180
164 181
164 182
164 185
164 187
164 188
164 189
164 195
164 196
164 198
164 199
164 201
164 205
164 212
164 213
164 214
164 215
164 216
164 223
164 224
164 228
164 229
164 230
164 231
164 235
164 236
164 237
164 238
164 239
164 242
164 244
164 245
164 248
164 251
165 169
165 170
165 171
165 172
165 176
165 178
165 180
165 182
165 183
165 185
165 192
165 193
165 194
165 196
165 197
165 198
165 199
165 202
165 203
165 206
165 209
165 210
165 212
165 213
165 214
165 220
165 221
165 226
165 227
165 228
165 229
165 232
165 233
165 235
165 236
165 237
165 239
165 242
165 243
165 244
165 246
165 249
166 169
166 170
166 171
166 172
166 174
166 177
166 178
166 180
166 181
166 183
166 186
166 187
166 191
166 193
166 201
166 205
166 208
166 209
166 210
166 212
166 213
166 214
166 215
166 217
166 220
166 222
166 223
166 224
166 225
166 227
166 228
166 229
166 231
166 234
166 235
166 237
166 239
166 240
166 244
166 246
166 248
166 250
166 251
166 252
167 169
167 170
167 174
167 175
167 176
167 178
167 182
167 183
167 185
167 186
167 187
167 189
167 190
167 191
167 193
167 195
167 196
167 199
167 204
167 205
167 208
167 210
167 211
167 212
167 213
167 214
167 215
167 217
167 219
167 220
167 224
167 225
167 229
167 233
167 235
167 238
167 242
167 245
167 247
167 249
167 250
168 169
168 170
168 171
168 173
168 174
168 177
168 180
168 181
168 183
168 190
168 192
168 193
168 194
168 197
168 198
168 199
168 200
168 201
168 202
168 207
168 208
168 211
168 217
168 218
168 220
168 223
168 224
168 225
168 227
168 228
168 231
168 233
168 234
168 235
168 237
168 238
168 239
168 240
168 242
168 243
168 247
168 252
